# Index  Shot#  Recv#  Measured[s]  Calculated[s]  Residual[s]
     0      1      2  0.009250  0.008893  0.000357
     1      1      3  0.014750  0.014437  0.000313
     2      1      4  0.017750  0.017215  0.000535
     3      1      5  0.018750  0.017851  0.000899
     4      1      6  0.019000  0.018549  0.000451
     5      1      7  0.019750  0.019437  0.000313
     6      1      8  0.021500  0.020167  0.001333
     7      1      9  0.022500  0.020870  0.001630
     8      1     10  0.021500  0.021719  -0.000219
     9      1     11  0.022000  0.023787  -0.001787
    10      1     12  0.022000  0.022445  -0.000445
    11      1     13  0.022250  0.022351  -0.000101
    12      1     14  0.022250  0.022067  0.000183
    13      1     15  0.022750  0.022087  0.000663
    14      1     16  0.022000  0.022108  -0.000108
    15      1     17  0.022750  0.022447  0.000303
    16      1     18  0.023500  0.023449  0.000051
    17      1     19  0.024250  0.023639  0.000611
    18      1     20  0.024750  0.024130  0.000620
    19      1     21  0.024750  0.024086  0.000664
    20      1     22  0.026250  0.025175  0.001075
    21      1     23  0.026250  0.025819  0.000431
    22      1     24  0.026750  0.026555  0.000195
    23      1     25  0.028500  0.027113  0.001387
    24      1     26  0.029000  0.027981  0.001019
    25      1     27  0.029000  0.027981  0.001019
    26      1     28  0.028750  0.027991  0.000759
    27      1     29  0.029250  0.028191  0.001059
    28      1     30  0.028750  0.028256  0.000494
    29      1     31  0.030000  0.027802  0.002198
    30      1     32  0.030250  0.029150  0.001100
    31      1     33  0.030750  0.029652  0.001098
    32      1     34  0.030750  0.029909  0.000841
    33      1     35  0.031000  0.030234  0.000766
    34      1     36  0.030400  0.030615  -0.000215
    35      1     37  0.031310  0.030979  0.000331
    36      1     38  0.033130  0.031618  0.001512
    37      1     39  0.034940  0.032302  0.002638
    38      1     40  0.034450  0.032815  0.001635
    39      1     41  0.035600  0.032641  0.002959
    40      1     42  0.035500  0.033759  0.001741
    41      1     43  0.035350  0.033678  0.001672
    42      1     44  0.035280  0.034256  0.001024
    43      1     46  0.036430  0.034548  0.001882
    44      1     47  0.036920  0.034894  0.002026
    45      1     48  0.037420  0.035319  0.002101
    46      1     49  0.038740  0.036045  0.002695
    47      1     50  0.037590  0.036211  0.001379
    48      1     51  0.038410  0.035069  0.003341
    49      1     52  0.039400  0.035945  0.003455
    50      1     53  0.035990  0.036759  -0.000769
    51      1     54  0.037140  0.037338  -0.000198
    52      1     55  0.038000  0.037786  0.000214
    53      1     56  0.038580  0.037897  0.000683
    54      1     57  0.039730  0.038313  0.001417
    55      1     58  0.039440  0.038474  0.000966
    56      1     59  0.040020  0.038449  0.001571
    57      1     60  0.038580  0.038307  0.000273
    58      1     61  0.038580  0.038710  -0.000130
    59      1     62  0.038580  0.039237  -0.000657
    60      1     63  0.037430  0.038908  -0.001478
    61      1     64  0.039730  0.039233  0.000497
    62      1     65  0.039440  0.039020  0.000420
    63      1     68  0.040880  0.039610  0.001270
    64      1     69  0.040880  0.040013  0.000867
    65      1     70  0.041460  0.040523  0.000937
    66      1     71  0.043180  0.041059  0.002121
    67      1     72  0.043760  0.040762  0.002998
    68      1     73  0.043180  0.040802  0.002378
    69      1     74  0.042900  0.040689  0.002211
    70      1     75  0.042900  0.040481  0.002419
    71      1     76  0.043760  0.041035  0.002725
    72      1     77  0.043760  0.041563  0.002197
    73      1     78  0.042610  0.042079  0.000531
    74      1     79  0.042610  0.042773  -0.000163
    75      1     80  0.043470  0.043602  -0.000132
    76      1     81  0.045490  0.046168  -0.000678
    77      1     82  0.045490  0.044685  0.000805
    78      1     83  0.045490  0.044692  0.000798
    79      1     84  0.045490  0.044939  0.000551
    80      1     85  0.046350  0.045354  0.000996
    81      1     88  0.051250  0.047365  0.003885
    82      1     89  0.051250  0.047627  0.003623
    83      1     92  0.051530  0.047488  0.004042
    84      1     93  0.052690  0.047142  0.005548
    85      1     94  0.053550  0.047550  0.006000
    86      1     95  0.054130  0.049156  0.004974
    87      1     97  0.051530  0.047900  0.003630
    88      1     98  0.052400  0.047970  0.004430
    89      1     99  0.050960  0.048616  0.002344
    90      1    100  0.052110  0.049376  0.002734
    91      1    101  0.052110  0.051882  0.000228
    92      1    102  0.052970  0.049800  0.003170
    93      1    103  0.051820  0.049460  0.002360
    94      1    104  0.052110  0.049558  0.002552
    95      2      1  0.026750  0.023787  0.002963
    96      2      2  0.025500  0.024981  0.000519
    97      2      3  0.025040  0.023781  0.001259
    98      2      4  0.022890  0.023013  -0.000123
    99      2      5  0.021900  0.022818  -0.000918
   100      2      7  0.022500  0.022499  0.000001
   101      2      8  0.019500  0.019592  -0.000092
   102      2      9  0.017500  0.016406  0.001094
   103      2     10  0.013980  0.009303  0.004677
   104      2     12  0.013810  0.009314  0.004496
   105      2     13  0.019000  0.016354  0.002646
   106      2     14  0.020750  0.019926  0.000824
   107      2     15  0.021500  0.021879  -0.000379
   108      2     16  0.022500  0.021922  0.000578
   109      2     17  0.023220  0.022261  0.000959
   110      2     18  0.024250  0.023262  0.000988
   111      2     19  0.024210  0.023452  0.000758
   112      2     20  0.025280  0.023944  0.001336
   113      2     21  0.026090  0.023899  0.002191
   114      2     22  0.025850  0.024989  0.000861
   115      2     23  0.025860  0.025633  0.000227
   116      2     24  0.026750  0.026368  0.000382
   117      2     25  0.026750  0.026926  -0.000176
   118      2     26  0.028250  0.027795  0.000455
   119      2     27  0.028340  0.027795  0.000545
   120      2     28  0.028340  0.027804  0.000536
   121      2     29  0.029000  0.028004  0.000996
   122      2     30  0.029240  0.028070  0.001170
   123      2     31  0.029570  0.027615  0.001955
   124      2     32  0.030160  0.028964  0.001196
   125      2     33  0.030060  0.029465  0.000595
   126      2     34  0.030320  0.029722  0.000598
   127      2     35  0.029500  0.030048  -0.000548
   128      2     36  0.030490  0.030428  0.000062
   129      2     37  0.030230  0.030792  -0.000562
   130      2     38  0.030480  0.031431  -0.000951
   131      2     39  0.032470  0.032116  0.000354
   132      2     40  0.032540  0.032629  -0.000089
   133      2     41  0.032210  0.032454  -0.000244
   134      2     42  0.032470  0.033573  -0.001103
   135      2     43  0.032460  0.033491  -0.001031
   136      2     44  0.033620  0.034070  -0.000450
   137      2     45  0.033790  0.034146  -0.000356
   138      2     46  0.033790  0.034361  -0.000571
   139      2     47  0.035110  0.034707  0.000403
   140      2     48  0.035600  0.035133  0.000467
   141      2     49  0.035280  0.035859  -0.000579
   142      2     50  0.034940  0.036025  -0.001085
   143      2     51  0.035600  0.034882  0.000718
   144      2     52  0.035770  0.035758  0.000012
   145      2     53  0.035600  0.036572  -0.000972
   146      2     54  0.035850  0.037262  -0.001412
   147      2     55  0.035360  0.037717  -0.002357
   148      2     56  0.036090  0.037829  -0.001739
   149      2     57  0.035360  0.038245  -0.002885
   150      2     58  0.036340  0.038406  -0.002066
   151      2     59  0.037080  0.038381  -0.001301
   152      2     60  0.038060  0.038238  -0.000178
   153      2     61  0.038060  0.038642  -0.000582
   154      2     62  0.038550  0.039169  -0.000619
   155      2     64  0.037320  0.039165  -0.001845
   156      2     65  0.037320  0.038952  -0.001632
   157      2     66  0.038550  0.038911  -0.000361
   158      2     67  0.039040  0.039237  -0.000197
   159      2     68  0.039040  0.039542  -0.000502
   160      2     69  0.039780  0.039945  -0.000165
   161      2     70  0.040760  0.040455  0.000305
   162      2     71  0.040270  0.040991  -0.000721
   163      2     72  0.039290  0.040694  -0.001404
   164      2     75  0.040760  0.040413  0.000347
   165      2     76  0.041740  0.040967  0.000773
   166      2     77  0.041990  0.041494  0.000496
   167      2     78  0.043950  0.042011  0.001939
   168      2     80  0.043710  0.043534  0.000176
   169      2     81  0.043950  0.046099  -0.002149
   170      2     82  0.044940  0.044616  0.000324
   171      2     83  0.046160  0.044623  0.001537
   172      2     86  0.046410  0.045724  0.000686
   173      2     87  0.047390  0.046575  0.000815
   174      2     88  0.047640  0.047297  0.000343
   175      2     89  0.046160  0.047559  -0.001399
   176      2     90  0.046160  0.047665  -0.001505
   177      2     91  0.046160  0.048102  -0.001942
   178      2     93  0.050590  0.047074  0.003516
   179      2     94  0.051080  0.047482  0.003598
   180      2     96  0.052060  0.048325  0.003735
   181      3      1  0.025970  0.024086  0.001884
   182      3      2  0.024710  0.025279  -0.000569
   183      3      3  0.023440  0.024080  -0.000640
   184      3      4  0.022810  0.023312  -0.000502
   185      3      5  0.022050  0.023116  -0.001066
   186      3      7  0.022690  0.022797  -0.000107
   187      3      8  0.022050  0.022413  -0.000363
   188      3      9  0.021930  0.022331  -0.000401
   189      3     10  0.022290  0.022684  -0.000394
   190      3     11  0.021190  0.023899  -0.002709
   191      3     12  0.021550  0.021920  -0.000370
   192      3     13  0.020790  0.021184  -0.000394
   193      3     14  0.020910  0.020152  0.000758
   194      3     15  0.020550  0.019545  0.001005
   195      3     16  0.019150  0.018588  0.000562
   196      3     17  0.017760  0.018053  -0.000293
   197      3     18  0.014470  0.015163  -0.000693
   198      3     19  0.011690  0.011265  0.000425
   199      3     20  0.007900  0.006968  0.000932
   200      3     22  0.008020  0.006737  0.001283
   201      3     23  0.011310  0.011255  0.000055
   202      3     24  0.015720  0.015769  -0.000049
   203      3     25  0.017880  0.018812  -0.000932
   204      3     26  0.018400  0.019680  -0.001280
   205      3     27  0.019540  0.019694  -0.000154
   206      3     28  0.019540  0.019715  -0.000175
   207      3     29  0.020030  0.019920  0.000110
   208      3     30  0.020160  0.019986  0.000174
   209      3     31  0.020410  0.019531  0.000879
   210      3     32  0.021170  0.020880  0.000290
   211      3     33  0.021420  0.021381  0.000039
   212      3     34  0.022050  0.021638  0.000412
   213      3     35  0.022430  0.021964  0.000466
   214      3     36  0.022690  0.022344  0.000346
   215      3     37  0.023760  0.022708  0.001052
   216      3     38  0.023820  0.023347  0.000473
   217      3     39  0.024330  0.024033  0.000297
   218      3     40  0.024710  0.024546  0.000164
   219      3     41  0.024450  0.024371  0.000079
   220      3     42  0.025470  0.025490  -0.000020
   221      3     43  0.025320  0.025408  -0.000088
   222      3     44  0.025680  0.025987  -0.000307
   223      3     45  0.026240  0.026063  0.000177
   224      3     46  0.026240  0.026278  -0.000038
   225      3     47  0.026110  0.026624  -0.000514
   226      3     48  0.026730  0.027050  -0.000320
   227      3     49  0.027740  0.027776  -0.000036
   228      3     50  0.028250  0.027942  0.000308
   229      3     51  0.028630  0.026799  0.001831
   230      3     52  0.028500  0.027675  0.000825
   231      3     53  0.028230  0.028489  -0.000259
   232      3     54  0.028970  0.029179  -0.000209
   233      3     55  0.029710  0.029738  -0.000028
   234      3     56  0.029460  0.029946  -0.000486
   235      3     57  0.029710  0.030742  -0.001032
   236      3     59  0.029950  0.031220  -0.001270
   237      3     60  0.031430  0.031078  0.000352
   238      3     61  0.031430  0.031481  -0.000051
   239      3     62  0.032160  0.032014  0.000146
   240      3     65  0.031430  0.031800  -0.000370
   241      3     66  0.031430  0.031759  -0.000329
   242      3     67  0.033150  0.032085  0.001065
   243      3     68  0.033640  0.032390  0.001250
   244      3     69  0.034130  0.032793  0.001337
   245      3     70  0.034370  0.033303  0.001067
   246      3     71  0.034870  0.033839  0.001031
   247      3     72  0.034130  0.033542  0.000588
   248      3     73  0.034620  0.033582  0.001038
   249      3     74  0.034870  0.033469  0.001401
   250      3     75  0.035600  0.033261  0.002339
   251      3     76  0.036090  0.033815  0.002275
   252      3     77  0.036090  0.034342  0.001748
   253      3     78  0.037570  0.034859  0.002711
   254      3     79  0.037810  0.035553  0.002257
   255      3     80  0.038550  0.036382  0.002168
   256      3     81  0.038800  0.038947  -0.000147
   257      3     82  0.040760  0.037465  0.003295
   258      3     83  0.040510  0.037471  0.003039
   259      3     84  0.039530  0.037719  0.001811
   260      3     85  0.039290  0.038134  0.001156
   261      3     86  0.040020  0.038572  0.001448
   262      3     87  0.039780  0.039423  0.000357
   263      3     88  0.040510  0.040145  0.000365
   264      3     89  0.040020  0.040407  -0.000387
   265      3     90  0.039290  0.040513  -0.001223
   266      3     91  0.038550  0.040950  -0.002400
   267      3     92  0.039290  0.040268  -0.000978
   268      3     93  0.039040  0.039922  -0.000882
   269      3     94  0.038800  0.040330  -0.001530
   270      3     95  0.040510  0.041936  -0.001426
   271      3     96  0.040020  0.041173  -0.001153
   272      3     97  0.039530  0.040680  -0.001150
   273      3     98  0.039530  0.040750  -0.001220
   274      3     99  0.039780  0.041395  -0.001615
   275      3    100  0.039780  0.042156  -0.002376
   276      3    101  0.039530  0.044662  -0.005132
   277      3    102  0.040020  0.042580  -0.002560
   278      3    103  0.040020  0.042239  -0.002219
   279      3    104  0.041250  0.042338  -0.001088
   280      4      1  0.028120  0.027802  0.000318
   281      4      2  0.028000  0.028995  -0.000995
   282      4      3  0.027250  0.027796  -0.000546
   283      4      4  0.027120  0.027028  0.000092
   284      4      5  0.026230  0.026832  -0.000602
   285      4      6  0.025460  0.026755  -0.001295
   286      4      7  0.026100  0.026513  -0.000413
   287      4      8  0.025340  0.026129  -0.000789
   288      4      9  0.026100  0.026046  0.000054
   289      4     10  0.025590  0.026400  -0.000810
   290      4     11  0.025720  0.027615  -0.001895
   291      4     12  0.023820  0.025636  -0.001816
   292      4     13  0.022310  0.024900  -0.002590
   293      4     14  0.022050  0.023868  -0.001818
   294      4     15  0.022190  0.023261  -0.001071
   295      4     16  0.022190  0.022304  -0.000114
   296      4     17  0.022310  0.021769  0.000541
   297      4     18  0.021300  0.021615  -0.000315
   298      4     19  0.020410  0.020923  -0.000513
   299      4     20  0.019780  0.020571  -0.000791
   300      4     21  0.020280  0.019531  0.000749
   301      4     22  0.019650  0.019845  -0.000195
   302      4     23  0.019650  0.019547  0.000103
   303      4     24  0.018010  0.019192  -0.001182
   304      4     25  0.017770  0.018814  -0.001044
   305      4     26  0.018640  0.018514  0.000126
   306      4     27  0.017000  0.017590  -0.000590
   307      4     28  0.014470  0.015142  -0.000672
   308      4     29  0.010800  0.010798  0.000002
   309      4     30  0.007640  0.006552  0.001088
   310      4     32  0.007520  0.005934  0.001586
   311      4     33  0.010800  0.010561  0.000239
   312      4     34  0.013590  0.014652  -0.001062
   313      4     35  0.015860  0.016930  -0.001070
   314      4     36  0.017760  0.017310  0.000450
   315      4     37  0.017760  0.017674  0.000086
   316      4     38  0.017630  0.018313  -0.000683
   317      4     39  0.018510  0.019007  -0.000497
   318      4     40  0.019390  0.019629  -0.000239
   319      4     41  0.019270  0.019552  -0.000282
   320      4     42  0.020160  0.020692  -0.000532
   321      4     43  0.021550  0.020737  0.000813
   322      4     44  0.022810  0.021316  0.001494
   323      4     45  0.023190  0.021392  0.001798
   324      4     46  0.021800  0.021607  0.000193
   325      4     48  0.021770  0.022379  -0.000609
   326      4     49  0.022050  0.023105  -0.001055
   327      4     50  0.022050  0.023271  -0.001221
   328      4     51  0.021800  0.022128  -0.000328
   329      4     52  0.022050  0.023005  -0.000955
   330      4     53  0.024060  0.023819  0.000241
   331      4     54  0.023080  0.024508  -0.001428
   332      4     56  0.023570  0.025275  -0.001705
   333      4     66  0.026510  0.027848  -0.001338
   334      4     68  0.028230  0.028480  -0.000250
   335      4     69  0.028480  0.028882  -0.000402
   336      4     70  0.027990  0.029393  -0.001403
   337      4     71  0.027010  0.029928  -0.002918
   338      4     72  0.028720  0.029632  -0.000912
   339      4     73  0.029950  0.029671  0.000279
   340      4     74  0.028230  0.029559  -0.001329
   341      4     75  0.028970  0.029351  -0.000381
   342      4     76  0.028970  0.029904  -0.000934
   343      4     77  0.029460  0.030432  -0.000972
   344      4     78  0.029460  0.030949  -0.001489
   345      4     79  0.030690  0.031643  -0.000953
   346      4     80  0.031180  0.032472  -0.001292
   347      4     81  0.032160  0.035037  -0.002877
   348      4     82  0.034370  0.033554  0.000816
   349      4     83  0.034620  0.033561  0.001059
   350      4     84  0.036580  0.033809  0.002771
   351      4     85  0.036580  0.034224  0.002356
   352      4     86  0.036580  0.034662  0.001918
   353      4     87  0.038300  0.035513  0.002787
   354      4     88  0.038800  0.036234  0.002566
   355      4     89  0.039530  0.036497  0.003033
   356      4     90  0.039040  0.036603  0.002437
   357      4     91  0.038300  0.037040  0.001260
   358      4     92  0.039290  0.036357  0.002933
   359      4     93  0.038300  0.036012  0.002288
   360      4     94  0.037570  0.036419  0.001151
   361      4     95  0.039040  0.038026  0.001014
   362      4     96  0.039530  0.037262  0.002268
   363      4     97  0.040760  0.036770  0.003990
   364      4     98  0.040270  0.036839  0.003431
   365      4     99  0.039530  0.037485  0.002045
   366      4    100  0.039040  0.038245  0.000795
   367      4    101  0.039530  0.040751  -0.001221
   368      4    102  0.040270  0.038669  0.001601
   369      4    103  0.041250  0.038329  0.002921
   370      4    104  0.041740  0.038428  0.003312
   371      5      1  0.033430  0.032641  0.000789
   372      5      2  0.032800  0.033834  -0.001034
   373      5      3  0.032800  0.032634  0.000166
   374      5      4  0.032040  0.031867  0.000173
   375      5      5  0.030920  0.031671  -0.000751
   376      5      6  0.030480  0.031593  -0.001113
   377      5      7  0.030280  0.031352  -0.001072
   378      5      8  0.031910  0.030968  0.000942
   379      5      9  0.031150  0.030885  0.000265
   380      5     10  0.030520  0.031238  -0.000718
   381      5     11  0.029590  0.032454  -0.002864
   382      5     12  0.029300  0.030475  -0.001175
   383      5     15  0.027820  0.028100  -0.000280
   384      5     16  0.026990  0.027143  -0.000153
   385      5     17  0.025980  0.026608  -0.000628
   386      5     18  0.026100  0.026454  -0.000354
   387      5     19  0.025850  0.025762  0.000088
   388      5     20  0.025350  0.025411  -0.000061
   389      5     21  0.024590  0.024371  0.000219
   390      5     22  0.024590  0.024685  -0.000095
   391      5     23  0.024460  0.024387  0.000073
   392      5     24  0.024580  0.024062  0.000518
   393      5     25  0.024450  0.023768  0.000682
   394      5     26  0.023440  0.023560  -0.000120
   395      5     27  0.022060  0.022664  -0.000604
   396      5     28  0.021810  0.021929  -0.000119
   397      5     29  0.021060  0.021240  -0.000180
   398      5     30  0.020790  0.020557  0.000233
   399      5     31  0.020410  0.019552  0.000858
   400      5     32  0.019780  0.019936  -0.000156
   401      5     33  0.020410  0.019730  0.000680
   402      5     34  0.018770  0.018980  -0.000210
   403      5     35  0.018390  0.018463  -0.000073
   404      5     36  0.017760  0.017825  -0.000065
   405      5     37  0.015990  0.017034  -0.001044
   406      5     38  0.013210  0.013676  -0.000466
   407      5     39  0.010550  0.009733  0.000817
   408      5     40  0.006510  0.005413  0.001097
   409      5     42  0.006760  0.005642  0.001118
   410      5     43  0.010300  0.009959  0.000341
   411      5     44  0.013080  0.013891  -0.000811
   412      5     45  0.015730  0.016661  -0.000931
   413      5     46  0.017000  0.016919  0.000081
   414      5     47  0.016870  0.017367  -0.000497
   415      5     48  0.017500  0.017814  -0.000314
   416      5     49  0.018260  0.018568  -0.000308
   417      5     50  0.019020  0.018977  0.000043
   418      5     51  0.019530  0.018039  0.001491
   419      5     52  0.020280  0.018972  0.001308
   420      5     53  0.020620  0.019792  0.000828
   421      5     54  0.021110  0.020482  0.000628
   422      5     55  0.022090  0.021041  0.001049
   423      5     56  0.022830  0.021249  0.001581
   424      5     57  0.022830  0.022045  0.000785
   425      5     59  0.023810  0.023256  0.000554
   426      5     60  0.023320  0.023293  0.000027
   427      5     61  0.022830  0.024091  -0.001261
   428      5     62  0.022830  0.024700  -0.001870
   429      5     63  0.021850  0.024510  -0.002660
   430      5     64  0.023320  0.025014  -0.001694
   431      5     65  0.024300  0.024948  -0.000648
   432      5     66  0.025040  0.024908  0.000132
   433      5     68  0.025040  0.025539  -0.000499
   434      5     69  0.025530  0.025942  -0.000412
   435      5     70  0.024790  0.026452  -0.001662
   436      5     72  0.025530  0.026691  -0.001161
   437      5     73  0.025290  0.026731  -0.001441
   438      5     74  0.025290  0.026618  -0.001328
   439      5     75  0.026020  0.026410  -0.000390
   440      5     76  0.026020  0.026964  -0.000944
   441      5     77  0.027990  0.027492  0.000498
   442      5     78  0.029460  0.028008  0.001452
   443      5     79  0.027990  0.028702  -0.000712
   444      5     80  0.027990  0.029560  -0.001570
   445      5     81  0.028230  0.032126  -0.003896
   446      5     82  0.027740  0.030643  -0.002903
   447      5     83  0.027740  0.030650  -0.002910
   448      5     84  0.030200  0.030898  -0.000698
   449      5     91  0.033640  0.034129  -0.000489
   450      5     92  0.034370  0.033446  0.000924
   451      5     99  0.035360  0.034574  0.000786
   452      5    100  0.037810  0.035334  0.002476
   453      5    101  0.038300  0.037840  0.000460
   454      5    102  0.037810  0.035758  0.002052
   455      5    103  0.036830  0.035418  0.001412
   456      5    104  0.037320  0.035516  0.001804
   457      6      1  0.034760  0.035069  -0.000309
   458      6      2  0.034610  0.036262  -0.001652
   459      6      3  0.034170  0.035062  -0.000892
   460      6      4  0.034610  0.034295  0.000315
   461      6      5  0.034610  0.034099  0.000511
   462      6      6  0.034170  0.034021  0.000149
   463      6      7  0.034310  0.033780  0.000530
   464      6      8  0.034310  0.033396  0.000914
   465      6      9  0.035050  0.033313  0.001737
   466      6     10  0.034900  0.033666  0.001234
   467      6     11  0.033430  0.034882  -0.001452
   468      6     12  0.033430  0.032903  0.000527
   469      6     13  0.033130  0.032167  0.000963
   470      6     14  0.032100  0.031135  0.000965
   471      6     15  0.030920  0.030528  0.000392
   472      6     16  0.029890  0.029571  0.000319
   473      6     17  0.029300  0.029036  0.000264
   474      6     18  0.029150  0.028882  0.000268
   475      6     19  0.028560  0.028190  0.000370
   476      6     20  0.027520  0.027839  -0.000319
   477      6     21  0.026790  0.026799  -0.000009
   478      6     22  0.026340  0.027113  -0.000773
   479      6     23  0.026790  0.026815  -0.000025
   480      6     24  0.026790  0.026490  0.000300
   481      6     25  0.026930  0.026197  0.000733
   482      6     26  0.025460  0.025988  -0.000528
   483      6     27  0.025160  0.025116  0.000044
   484      6     28  0.025160  0.024445  0.000715
   485      6     29  0.024130  0.023788  0.000342
   486      6     30  0.023540  0.023122  0.000418
   487      6     31  0.022950  0.022128  0.000822
   488      6     32  0.022060  0.022574  -0.000514
   489      6     33  0.023390  0.022410  0.000980
   490      6     34  0.021920  0.021894  0.000026
   491      6     35  0.021330  0.021618  -0.000288
   492      6     36  0.021920  0.021105  0.000815
   493      6     37  0.022360  0.020428  0.001932
   494      6     38  0.020590  0.020407  0.000183
   495      6     39  0.020150  0.019770  0.000380
   496      6     40  0.019850  0.019478  0.000372
   497      6     41  0.019850  0.018039  0.001811
   498      6     42  0.018820  0.018172  0.000648
   499      6     43  0.018080  0.017314  0.000766
   500      6     44  0.017200  0.017009  0.000191
   501      6     45  0.016750  0.016272  0.000478
   502      6     46  0.014830  0.015317  -0.000487
   503      6     47  0.014540  0.014588  -0.000048
   504      6     48  0.012920  0.012940  -0.000020
   505      6     49  0.008930  0.008871  0.000059
   506      6     50  0.005830  0.004388  0.001442
   507      6     52  0.006130  0.004168  0.001962
   508      6     53  0.006620  0.008486  -0.001866
   509      6     54  0.011040  0.012718  -0.001678
   510      6     55  0.013250  0.014133  -0.000883
   511      6     56  0.014230  0.014428  -0.000198
   512      6     57  0.014970  0.015226  -0.000256
   513      6     59  0.018160  0.016672  0.001488
   514      6     60  0.017670  0.016891  0.000779
   515      6     61  0.018900  0.017954  0.000946
   516      6     62  0.020370  0.018563  0.001807
   517      6     63  0.020130  0.018372  0.001758
   518      6     64  0.020370  0.018877  0.001493
   519      6     65  0.020130  0.018843  0.001287
   520      6     66  0.019880  0.018993  0.000887
   521      6     67  0.020620  0.019503  0.001117
   522      6     68  0.019640  0.019905  -0.000265
   523      6     69  0.021360  0.020417  0.000943
   524      6     70  0.021110  0.020952  0.000158
   525      6     71  0.020620  0.021506  -0.000886
   526      6     72  0.021110  0.021215  -0.000105
   527      6     73  0.020860  0.021346  -0.000486
   528      6     74  0.020860  0.021272  -0.000412
   529      6     75  0.020620  0.021078  -0.000458
   530      6     76  0.020370  0.021648  -0.001278
   531      6     77  0.021600  0.022196  -0.000596
   532      6     78  0.021850  0.022713  -0.000863
   533      6     79  0.022580  0.023406  -0.000826
   534      6     80  0.023570  0.024329  -0.000759
   535      6     81  0.024790  0.027026  -0.002236
   536      6     82  0.024790  0.025543  -0.000753
   537      6     83  0.026270  0.025550  0.000720
   538      6     84  0.025530  0.025798  -0.000268
   539      6     85  0.024060  0.026212  -0.002152
   540      6     86  0.025040  0.026651  -0.001611
   541      6     87  0.026760  0.027502  -0.000742
   542      6     88  0.025530  0.028223  -0.002693
   543      6     89  0.023320  0.028486  -0.005166
   544      6     90  0.022580  0.028592  -0.006012
   545      6     91  0.022830  0.029029  -0.006199
   546      6     92  0.022090  0.028346  -0.006256
   547      6     93  0.021110  0.028000  -0.006890
   548      6     94  0.022580  0.028408  -0.005828
   549      6     96  0.021360  0.029251  -0.007891
   550      6     97  0.022090  0.028759  -0.006669
   551      6     98  0.021360  0.028828  -0.007468
   552      6     99  0.020370  0.029474  -0.009104
   553      6    100  0.020130  0.030234  -0.010104
   554      6    101  0.021110  0.032740  -0.011630
   555      6    102  0.021850  0.030658  -0.008808
   556      6    103  0.022090  0.030318  -0.008228
   557      6    104  0.022580  0.030416  -0.007836
   558      7      1  0.040750  0.038710  0.002040
   559      7      2  0.040000  0.039904  0.000096
   560      7      3  0.039110  0.038704  0.000406
   561      7      4  0.038000  0.037937  0.000063
   562      7      5  0.037250  0.037741  -0.000491
   563      7      6  0.038000  0.037663  0.000337
   564      7      7  0.037750  0.037422  0.000328
   565      7      8  0.036120  0.037038  -0.000918
   566      7      9  0.035500  0.036958  -0.001458
   567      7     10  0.036690  0.037334  -0.000644
   568      7     11  0.037000  0.038642  -0.001642
   569      7     12  0.037500  0.036887  0.000613
   570      7     13  0.037250  0.036294  0.000956
   571      7     14  0.036120  0.035391  0.000729
   572      7     15  0.035690  0.034893  0.000797
   573      7     16  0.034550  0.034011  0.000539
   574      7     17  0.033120  0.033587  -0.000467
   575      7     18  0.033550  0.033545  0.000005
   576      7     19  0.033260  0.032873  0.000387
   577      7     20  0.032980  0.032521  0.000459
   578      7     21  0.033260  0.031481  0.001779
   579      7     22  0.032410  0.031795  0.000615
   580      7     23  0.031980  0.031498  0.000482
   581      7     24  0.031410  0.031205  0.000205
   582      7     25  0.031120  0.030921  0.000199
   583      7     26  0.030980  0.030783  0.000197
   584      7     27  0.030250  0.029962  0.000288
   585      7     28  0.029500  0.029388  0.000112
   586      7     29  0.028840  0.028866  -0.000026
   587      7     30  0.029260  0.028436  0.000824
   588      7     31  0.028250  0.027561  0.000689
   589      7     32  0.027730  0.028022  -0.000292
   590      7     33  0.027840  0.027908  -0.000068
   591      7     35  0.028000  0.027252  0.000748
   592      7     36  0.026750  0.026872  -0.000122
   593      7     37  0.026000  0.026295  -0.000295
   594      7     38  0.026750  0.026372  0.000378
   595      7     39  0.025750  0.025745  0.000005
   596      7     40  0.025750  0.025513  0.000237
   597      7     41  0.024750  0.024091  0.000659
   598      7     42  0.023750  0.024240  -0.000490
   599      7     43  0.023250  0.023444  -0.000194
   600      7     44  0.023270  0.023230  0.000040
   601      7     45  0.022840  0.022590  0.000250
   602      7     46  0.021910  0.021756  0.000154
   603      7     47  0.021410  0.021113  0.000297
   604      7     48  0.020980  0.020625  0.000355
   605      7     49  0.020950  0.020470  0.000480
   606      7     50  0.020130  0.019658  0.000472
   607      7     51  0.019700  0.017954  0.001746
   608      7     52  0.019910  0.018664  0.001246
   609      7     53  0.018160  0.018589  -0.000429
   610      7     54  0.018410  0.018248  0.000162
   611      7     55  0.016930  0.017540  -0.000610
   612      7     56  0.015710  0.016550  -0.000840
   613      7     57  0.013500  0.015922  -0.002422
   614      7     58  0.010550  0.012328  -0.001778
   615      7     59  0.011040  0.008585  0.002455
   616      7     60  0.006370  0.004712  0.001658
   617      7     62  0.006130  0.005051  0.001079
   618      7     63  0.009320  0.009301  0.000019
   619      7     64  0.011040  0.013316  -0.002276
   620      7     65  0.013990  0.015249  -0.001259
   621      7     66  0.015950  0.015812  0.000138
   622      7     67  0.017180  0.016656  0.000524
   623      7     68  0.018160  0.017435  0.000725
   624      7     69  0.019150  0.018184  0.000966
   625      7     70  0.020370  0.018840  0.001530
   626      7     71  0.020370  0.019464  0.000906
   627      7     72  0.019880  0.019205  0.000675
   628      7     73  0.019390  0.019336  0.000054
   629      7     74  0.019880  0.019262  0.000618
   630      7     75  0.019150  0.019068  0.000082
   631      7     76  0.019390  0.019638  -0.000248
   632      7     77  0.020130  0.020186  -0.000056
   633      7     78  0.020130  0.020703  -0.000573
   634      7     79  0.020860  0.021396  -0.000536
   635      7     80  0.022580  0.022319  0.000261
   636      7     81  0.022830  0.025169  -0.002339
   637      7     82  0.023810  0.024593  -0.000783
   638      7     83  0.023810  0.025001  -0.001191
   639      7     84  0.025530  0.025822  -0.000292
   640      7     85  0.025780  0.026910  -0.001130
   641      7     86  0.026270  0.027772  -0.001502
   642      7     87  0.028720  0.028623  0.000097
   643      7     88  0.029460  0.029345  0.000115
   644      7     89  0.029950  0.029607  0.000343
   645      7     90  0.029710  0.029713  -0.000003
   646      7     91  0.029220  0.030150  -0.000930
   647      7     92  0.028230  0.029468  -0.001238
   648      7     93  0.028480  0.029122  -0.000642
   649      7     94  0.029220  0.029530  -0.000310
   650      7     95  0.030690  0.031136  -0.000446
   651      7     96  0.031180  0.030373  0.000807
   652      7     97  0.030440  0.029880  0.000560
   653      7     98  0.029950  0.029950  -0.000000
   654      7     99  0.028970  0.030596  -0.001626
   655      7    100  0.029950  0.031356  -0.001406
   656      7    101  0.030690  0.033862  -0.003172
   657      7    102  0.031180  0.031780  -0.000600
   658      7    103  0.032160  0.031440  0.000720
   659      7    104  0.031920  0.031538  0.000382
   660      8      1  0.043250  0.041059  0.002191
   661      8      2  0.042540  0.042252  0.000288
   662      8      3  0.041260  0.041053  0.000207
   663      8      4  0.040260  0.040285  -0.000025
   664      8      5  0.040970  0.040089  0.000881
   665      8      6  0.040830  0.040012  0.000818
   666      8      7  0.039970  0.039771  0.000199
   667      8      8  0.038260  0.039386  -0.001126
   668      8      9  0.037400  0.039306  -0.001906
   669      8     10  0.037830  0.039682  -0.001852
   670      8     11  0.039400  0.040991  -0.001591
   671      8     12  0.039260  0.039235  0.000025
   672      8     13  0.038400  0.038642  -0.000242
   673      8     14  0.038540  0.037740  0.000800
   674      8     15  0.038540  0.037241  0.001299
   675      8     16  0.037970  0.036368  0.001602
   676      8     17  0.036970  0.035944  0.001026
   677      8     18  0.036400  0.035902  0.000498
   678      8     19  0.036120  0.035230  0.000890
   679      8     20  0.035690  0.034878  0.000812
   680      8     21  0.035260  0.033839  0.001421
   681      8     22  0.036120  0.034153  0.001967
   682      8     23  0.035550  0.033855  0.001695
   683      8     24  0.034400  0.033562  0.000838
   684      8     25  0.033550  0.033278  0.000272
   685      8     26  0.033980  0.033140  0.000840
   686      8     27  0.033260  0.032319  0.000941
   687      8     28  0.032120  0.031745  0.000375
   688      8     29  0.030550  0.031223  -0.000673
   689      8     30  0.029840  0.030793  -0.000953
   690      8     31  0.030260  0.029928  0.000332
   691      8     32  0.029410  0.030389  -0.000979
   692      8     33  0.028840  0.030276  -0.001436
   693      8     34  0.028980  0.029777  -0.000797
   694      8     35  0.028690  0.029625  -0.000935
   695      8     37  0.027120  0.028668  -0.001548
   696      8     53  0.023810  0.022724  0.001086
   697      8     54  0.023080  0.022737  0.000343
   698      8     55  0.023570  0.022592  0.000978
   699      8     56  0.021850  0.022068  -0.000218
   700      8     57  0.022340  0.021717  0.000623
   701      8     58  0.021360  0.021264  0.000096
   702      8     59  0.020860  0.020394  0.000466
   703      8     60  0.019880  0.019820  0.000060
   704      8     61  0.020860  0.019464  0.001396
   705      8     62  0.020370  0.019319  0.001051
   706      8     63  0.018900  0.018165  0.000735
   707      8     64  0.017670  0.017451  0.000219
   708      8     65  0.016690  0.016482  0.000208
   709      8     66  0.014720  0.015721  -0.001001
   710      8     67  0.015220  0.015432  -0.000212
   711      8     68  0.013000  0.013775  -0.000775
   712      8     69  0.010060  0.009492  0.000568
   713      8     70  0.005390  0.004933  0.000457
   714      8     72  0.005640  0.004316  0.001324
   715      8     73  0.008340  0.008194  0.000146
   716      8     74  0.010550  0.011909  -0.001359
   717      8     75  0.012760  0.014376  -0.001616
   718      8     76  0.015950  0.014958  0.000992
   719      8     77  0.015220  0.015532  -0.000312
   720      8     78  0.016440  0.016076  0.000364
   721      8     79  0.018160  0.016776  0.001384
   722      8     80  0.017430  0.017698  -0.000268
   723      8     81  0.019390  0.020548  -0.001158
   724      8     82  0.020130  0.019973  0.000157
   725      8     83  0.020860  0.020380  0.000480
   726      8     84  0.021850  0.021201  0.000649
   727      8     85  0.022830  0.022289  0.000541
   728      8     86  0.024550  0.023346  0.001204
   729      8     87  0.025530  0.024827  0.000703
   730      8     88  0.026760  0.026402  0.000358
   731      8     89  0.027500  0.027558  -0.000058
   732      8     90  0.029460  0.028266  0.001194
   733      8     91  0.028720  0.029146  -0.000426
   734      8     92  0.029220  0.028840  0.000380
   735      8     93  0.028970  0.028808  0.000162
   736      8     94  0.031180  0.029486  0.001694
   737      8     95  0.031430  0.031296  0.000134
   738      8     96  0.032160  0.030782  0.001378
   739      8     97  0.031920  0.030492  0.001428
   740      8     98  0.033150  0.030584  0.002566
   741      8     99  0.033150  0.031229  0.001921
   742      8    100  0.032900  0.031990  0.000910
   743      8    101  0.032410  0.034496  -0.002086
   744      8    102  0.032650  0.032414  0.000236
   745      8    103  0.032410  0.032073  0.000337
   746      8    104  0.030690  0.032172  -0.001482
   747      9      5  0.049110  0.045198  0.003912
   748      9      6  0.048540  0.045120  0.003420
   749      9      7  0.047110  0.044879  0.002231
   750      9     11  0.046250  0.046099  0.000151
   751      9     12  0.045680  0.044344  0.001336
   752      9     15  0.043400  0.042350  0.001050
   753      9     17  0.045540  0.041053  0.004487
   754      9     18  0.045540  0.041011  0.004529
   755      9     19  0.044250  0.040339  0.003911
   756      9     20  0.044250  0.039987  0.004263
   757      9     21  0.045250  0.038947  0.006303
   758      9     25  0.042260  0.038387  0.003873
   759      9     27  0.038690  0.037428  0.001262
   760      9     28  0.038260  0.036853  0.001407
   761      9     29  0.037400  0.036332  0.001068
   762      9     31  0.036830  0.035037  0.001793
   763      9     32  0.036830  0.035498  0.001332
   764      9     33  0.036690  0.035384  0.001306
   765      9     34  0.035830  0.034886  0.000944
   766      9     37  0.034120  0.033800  0.000320
   767      9     40  0.033120  0.033290  -0.000170
   768      9     41  0.032120  0.032126  -0.000006
   769      9     43  0.031410  0.031676  -0.000266
   770      9     46  0.030410  0.030216  0.000194
   771      9     47  0.029690  0.029813  -0.000123
   772      9     48  0.029260  0.029333  -0.000073
   773      9     49  0.028410  0.029288  -0.000878
   774      9     50  0.029690  0.028666  0.001024
   775      9     51  0.029120  0.027026  0.002094
   776      9     52  0.028260  0.027809  0.000451
   777      9     53  0.029220  0.028318  0.000902
   778      9     54  0.029460  0.028410  0.001050
   779      9     55  0.029220  0.028264  0.000956
   780      9     56  0.027740  0.027741  -0.000001
   781      9     57  0.029460  0.027389  0.002071
   782      9     58  0.029220  0.026936  0.002284
   783      9     59  0.027500  0.026067  0.001433
   784      9     60  0.026510  0.025492  0.001018
   785      9     61  0.025530  0.025169  0.000361
   786      9     62  0.024550  0.025023  -0.000473
   787      9     63  0.023570  0.023869  -0.000299
   788      9     64  0.023080  0.023195  -0.000115
   789      9     65  0.021850  0.022249  -0.000399
   790      9     66  0.020860  0.021515  -0.000655
   791      9     67  0.020620  0.021240  -0.000620
   792      9     68  0.020620  0.020811  -0.000191
   793      9     69  0.019390  0.020780  -0.001390
   794      9     70  0.019640  0.020625  -0.000985
   795      9     71  0.018900  0.020548  -0.001648
   796      9     72  0.018900  0.019527  -0.000627
   797      9     73  0.019640  0.018825  0.000815
   798      9     74  0.019150  0.017756  0.001394
   799      9     75  0.019640  0.016840  0.002800
   800      9     76  0.018650  0.016430  0.002220
   801      9     77  0.016440  0.015828  0.000612
   802      9     78  0.014230  0.014011  0.000219
   803      9     79  0.011040  0.009928  0.001112
   804      9     80  0.006130  0.005734  0.000396
   805      9     82  0.006370  0.004978  0.001392
   806      9     83  0.009320  0.008881  0.000439
   807      9     84  0.012020  0.012590  -0.000570
   808      9     85  0.014230  0.016301  -0.002071
   809      9     86  0.017180  0.019002  -0.001822
   810      9     87  0.018900  0.020499  -0.001599
   811      9     88  0.021600  0.022074  -0.000474
   812      9     89  0.021600  0.023297  -0.001697
   813      9     91  0.024790  0.024967  -0.000177
   814      9     92  0.024790  0.024664  0.000126
   815      9     93  0.025780  0.024672  0.001108
   816      9     94  0.026270  0.025350  0.000920
   817      9     95  0.026270  0.027161  -0.000891
   818      9     96  0.026760  0.026716  0.000044
   819      9     97  0.027500  0.026432  0.001068
   820      9     98  0.028480  0.026659  0.001821
   821      9     99  0.029950  0.027533  0.002417
   822      9    100  0.029710  0.028544  0.001166
   823      9    101  0.030940  0.031200  -0.000260
   824      9    102  0.031670  0.029523  0.002147
   825      9    103  0.030940  0.029364  0.001576
   826      9    104  0.032900  0.029620  0.003280
   827     10     16  0.044580  0.043480  0.001100
   828     10     17  0.044800  0.043056  0.001744
   829     10     18  0.044160  0.043013  0.001147
   830     10     19  0.044580  0.042341  0.002239
   831     10     20  0.043320  0.041990  0.001330
   832     10     21  0.043100  0.040950  0.002150
   833     10     22  0.042680  0.041264  0.001416
   834     10     23  0.044800  0.040966  0.003834
   835     10     24  0.042680  0.040673  0.002007
   836     10     25  0.042050  0.040389  0.001661
   837     10     26  0.042050  0.040252  0.001798
   838     10     27  0.041840  0.039431  0.002409
   839     10     28  0.040350  0.038856  0.001494
   840     10     29  0.039090  0.038334  0.000756
   841     10     30  0.038870  0.037904  0.000966
   842     10     31  0.039090  0.037040  0.002050
   843     10     32  0.037820  0.037501  0.000319
   844     10     33  0.037820  0.037387  0.000433
   845     10     34  0.037610  0.036889  0.000721
   846     10     35  0.036340  0.036747  -0.000407
   847     10     36  0.035910  0.036380  -0.000470
   848     10     37  0.036760  0.035803  0.000957
   849     10     38  0.035490  0.035880  -0.000390
   850     10     39  0.034430  0.035446  -0.001016
   851     10     41  0.034640  0.034129  0.000511
   852     10     42  0.034860  0.034454  0.000406
   853     10     43  0.035490  0.033678  0.001812
   854     10     44  0.033590  0.033563  0.000027
   855     10     45  0.033160  0.032998  0.000162
   856     10     46  0.031470  0.032218  -0.000748
   857     10     47  0.031680  0.031816  -0.000136
   858     10     48  0.031890  0.031335  0.000555
   859     10     49  0.031260  0.031291  -0.000031
   860     10     50  0.030840  0.030668  0.000172
   861     10     51  0.029990  0.029029  0.000961
   862     10     52  0.028510  0.029812  -0.001302
   863     10     53  0.032160  0.030320  0.001840
   864     10     54  0.031430  0.030744  0.000686
   865     10     55  0.031670  0.030967  0.000703
   866     10     56  0.031180  0.030729  0.000451
   867     10     57  0.029950  0.030743  -0.000793
   868     10     58  0.028720  0.030732  -0.002012
   869     10     59  0.027990  0.030274  -0.002284
   870     10     60  0.030200  0.029997  0.000203
   871     10     61  0.030440  0.030150  0.000290
   872     10     62  0.030440  0.030535  -0.000095
   873     10     63  0.030690  0.030041  0.000649
   874     10     64  0.030440  0.030105  0.000335
   875     10     65  0.030690  0.029633  0.001057
   876     10     66  0.030200  0.029488  0.000712
   877     10     67  0.030200  0.029706  0.000494
   878     10     68  0.030690  0.029409  0.001281
   879     10     69  0.030690  0.029378  0.001312
   880     10     70  0.030200  0.029224  0.000976
   881     10     71  0.029710  0.029146  0.000564
   882     10     72  0.029710  0.028125  0.001585
   883     10     73  0.028480  0.027423  0.001057
   884     10     74  0.027010  0.026354  0.000656
   885     10     75  0.024300  0.025448  -0.001148
   886     10     78  0.023080  0.024066  -0.000986
   887     10     80  0.024060  0.023535  0.000525
   888     10     81  0.025780  0.024967  0.000813
   889     10     82  0.026020  0.022362  0.003658
   890     10     83  0.021850  0.021785  0.000065
   891     10     84  0.021850  0.021445  0.000405
   892     10     85  0.023810  0.021338  0.002472
   893     10     86  0.022580  0.021074  0.001506
   894     10     87  0.021600  0.020634  0.000966
   895     10     88  0.016690  0.016033  0.000657
   896     10     89  0.012510  0.011701  0.000809
   897     10     90  0.005640  0.006425  -0.000785
   898     10     92  0.007600  0.006423  0.001177
   899     10     93  0.010790  0.009778  0.001012
   900     10     95  0.007110  0.016928  -0.009818
   901     10     96  0.021360  0.020892  0.000468
   902     10     97  0.013500  0.022191  -0.008691
   903     10     98  0.019150  0.022418  -0.003268
   904     10    100  0.022580  0.024303  -0.001723
   905     10    101  0.024550  0.026958  -0.002408
   906     10    102  0.025780  0.025282  0.000498
   907     10    103  0.025040  0.025123  -0.000083
   908     10    104  0.024790  0.025379  -0.000589
   909     11      3  0.053540  0.051876  0.001664
   910     11      4  0.053330  0.051108  0.002222
   911     11      5  0.052920  0.050912  0.002008
   912     11      7  0.048380  0.050594  -0.002214
   913     11      8  0.050860  0.050209  0.000651
   914     11      9  0.051470  0.050129  0.001341
   915     11     10  0.052510  0.050505  0.002005
   916     11     16  0.050030  0.047191  0.002839
   917     11     17  0.050030  0.046768  0.003262
   918     11     18  0.049000  0.046725  0.002275
   919     11     19  0.047560  0.046053  0.001507
   920     11     20  0.046730  0.045701  0.001029
   921     11     21  0.046320  0.044662  0.001658
   922     11     22  0.045490  0.044976  0.000514
   923     11     23  0.045290  0.044678  0.000612
   924     11     24  0.045490  0.044385  0.001105
   925     11     25  0.044460  0.044101  0.000359
   926     11     26  0.046320  0.043963  0.002357
   927     11     27  0.045290  0.043143  0.002147
   928     11     28  0.044880  0.042568  0.002312
   929     11     29  0.043840  0.042046  0.001794
   930     11     30  0.043020  0.041616  0.001404
   931     11     31  0.042400  0.040751  0.001649
   932     11     32  0.041990  0.041213  0.000777
   933     11     33  0.041780  0.041099  0.000681
   934     11     34  0.041160  0.040600  0.000560
   935     11     36  0.042810  0.040092  0.002718
   936     11     37  0.041780  0.039515  0.002265
   937     11     38  0.040960  0.039592  0.001368
   938     11     39  0.040550  0.039158  0.001392
   939     11     40  0.040960  0.039005  0.001955
   940     11     41  0.040750  0.037840  0.002910
   941     11     42  0.039930  0.038166  0.001764
   942     11     43  0.039100  0.037390  0.001710
   943     11     44  0.038900  0.037275  0.001625
   944     11     45  0.037660  0.036710  0.000950
   945     11     46  0.037450  0.035930  0.001520
   946     11     47  0.037250  0.035528  0.001722
   947     11     48  0.037040  0.035047  0.001993
   948     11     49  0.037040  0.035003  0.002037
   949     11     50  0.037660  0.034380  0.003280
   950     11     51  0.036420  0.032740  0.003680
   951     11     52  0.036210  0.033523  0.002687
   952     11     53  0.037320  0.034032  0.003288
   953     11     54  0.038800  0.034456  0.004344
   954     11     55  0.039290  0.034678  0.004612
   955     11     56  0.037810  0.034441  0.003369
   956     11     57  0.036580  0.034455  0.002125
   957     11     59  0.038060  0.033986  0.004074
   958     11     60  0.037810  0.033709  0.004101
   959     11     61  0.037320  0.033862  0.003458
   960     11     63  0.036340  0.033753  0.002587
   961     11     64  0.035850  0.033817  0.002033
   962     11     67  0.034620  0.033418  0.001202
   963     11     68  0.034370  0.033553  0.000817
   964     11     72  0.034370  0.033904  0.000466
   965     11     75  0.030440  0.031552  -0.001112
   966     11     78  0.030200  0.030268  -0.000068
   967     11     79  0.029460  0.029868  -0.000408
   968     11     80  0.028230  0.029768  -0.001538
   969     11     81  0.028480  0.031200  -0.002720
   970     11     82  0.027010  0.028595  -0.001585
   971     11     83  0.027010  0.028018  -0.001008
   972     11     84  0.026270  0.027678  -0.001408
   973     11     85  0.027250  0.027571  -0.000321
   974     11     86  0.025290  0.027307  -0.002017
   975     11     92  0.029220  0.025932  0.003288
   976     11     93  0.029220  0.025264  0.003956
   977     11     94  0.027250  0.025223  0.002027
   978     11     95  0.025530  0.026193  -0.000663
   979     11     96  0.023320  0.023155  0.000165
   980     11     97  0.019880  0.019289  0.000591
   981     11     98  0.016200  0.015483  0.000717
   982     11     99  0.012020  0.011237  0.000783
   983     11    100  0.006620  0.006286  0.000334
   984     11    102  0.000970  0.005278  -0.004308
   985     11    103  0.011530  0.009947  0.001583
   986     11    104  0.015710  0.014506  0.001204
