# Index  Shot#  Recv#  Measured[s]  Calculated[s]  Residual[s]
     0      1      2  0.009250  0.004991  0.004259
     1      1      3  0.014750  0.009981  0.004769
     2      1      4  0.017750  0.014952  0.002798
     3      1      5  0.018750  0.018598  0.000152
     4      1      6  0.019000  0.019100  -0.000100
     5      1      7  0.019750  0.020091  -0.000341
     6      1      8  0.021500  0.021347  0.000153
     7      1      9  0.022500  0.021448  0.001052
     8      1     10  0.021500  0.022047  -0.000547
     9      1     11  0.022000  0.024183  -0.002183
    10      1     12  0.022000  0.022983  -0.000983
    11      1     13  0.022250  0.022803  -0.000553
    12      1     14  0.022250  0.022585  -0.000335
    13      1     15  0.022750  0.022734  0.000016
    14      1     16  0.022000  0.022729  -0.000729
    15      1     17  0.022750  0.023107  -0.000357
    16      1     18  0.023500  0.024304  -0.000804
    17      1     19  0.024250  0.024431  -0.000181
    18      1     20  0.024750  0.024901  -0.000151
    19      1     21  0.024750  0.024695  0.000055
    20      1     22  0.026250  0.025878  0.000372
    21      1     23  0.026250  0.026344  -0.000094
    22      1     24  0.026750  0.027262  -0.000512
    23      1     25  0.028500  0.027953  0.000547
    24      1     26  0.029000  0.028836  0.000164
    25      1     27  0.029000  0.028834  0.000166
    26      1     28  0.028750  0.028705  0.000045
    27      1     29  0.029250  0.029037  0.000213
    28      1     30  0.028750  0.028849  -0.000099
    29      1     31  0.030000  0.028285  0.001715
    30      1     32  0.030250  0.029665  0.000585
    31      1     33  0.030750  0.030270  0.000480
    32      1     34  0.030750  0.030477  0.000273
    33      1     35  0.031000  0.030929  0.000071
    34      1     36  0.030400  0.031348  -0.000948
    35      1     37  0.031310  0.031633  -0.000323
    36      1     38  0.033130  0.032332  0.000798
    37      1     39  0.034940  0.033197  0.001743
    38      1     40  0.034450  0.033444  0.001006
    39      1     41  0.035600  0.033215  0.002385
    40      1     42  0.035500  0.034628  0.000872
    41      1     43  0.035350  0.034703  0.000647
    42      1     44  0.035280  0.035129  0.000151
    43      1     46  0.036430  0.035421  0.001009
    44      1     47  0.036920  0.035615  0.001305
    45      1     48  0.037420  0.035941  0.001479
    46      1     49  0.038740  0.036618  0.002122
    47      1     50  0.037590  0.036832  0.000758
    48      1     51  0.038410  0.035354  0.003056
    49      1     52  0.039400  0.036316  0.003084
    50      1     53  0.035990  0.037011  -0.001021
    51      1     54  0.037140  0.037516  -0.000376
    52      1     55  0.038000  0.038042  -0.000042
    53      1     56  0.038580  0.038023  0.000557
    54      1     57  0.039730  0.038539  0.001191
    55      1     58  0.039440  0.038780  0.000660
    56      1     59  0.040020  0.038966  0.001054
    57      1     60  0.038580  0.038866  -0.000286
    58      1     61  0.038580  0.039324  -0.000744
    59      1     62  0.038580  0.039488  -0.000908
    60      1     63  0.037430  0.039168  -0.001738
    61      1     64  0.039730  0.039876  -0.000146
    62      1     65  0.039440  0.039730  -0.000290
    63      1     68  0.040880  0.040504  0.000376
    64      1     69  0.040880  0.041053  -0.000173
    65      1     70  0.041460  0.041418  0.000042
    66      1     71  0.043180  0.041711  0.001469
    67      1     72  0.043760  0.041633  0.002127
    68      1     73  0.043180  0.041686  0.001494
    69      1     74  0.042900  0.041523  0.001377
    70      1     75  0.042900  0.041552  0.001348
    71      1     76  0.043760  0.041886  0.001874
    72      1     77  0.043760  0.042532  0.001228
    73      1     78  0.042610  0.043444  -0.000834
    74      1     79  0.042610  0.043705  -0.001095
    75      1     80  0.043470  0.044689  -0.001219
    76      1     81  0.045490  0.047327  -0.001837
    77      1     82  0.045490  0.046033  -0.000543
    78      1     83  0.045490  0.045904  -0.000414
    79      1     84  0.045490  0.046045  -0.000555
    80      1     85  0.046350  0.046315  0.000035
    81      1     88  0.051250  0.048373  0.002877
    82      1     89  0.051250  0.048460  0.002790
    83      1     92  0.051530  0.048112  0.003418
    84      1     93  0.052690  0.047524  0.005166
    85      1     94  0.053550  0.048366  0.005184
    86      1     95  0.054130  0.050105  0.004025
    87      1     97  0.051530  0.049063  0.002467
    88      1     98  0.052400  0.049104  0.003296
    89      1     99  0.050960  0.049535  0.001425
    90      1    100  0.052110  0.050337  0.001773
    91      1    101  0.052110  0.052564  -0.000454
    92      1    102  0.052970  0.050518  0.002452
    93      1    103  0.051820  0.050082  0.001738
    94      1    104  0.052110  0.050266  0.001844
    95      2      1  0.026750  0.024183  0.002567
    96      2      2  0.025500  0.024483  0.001017
    97      2      3  0.025040  0.023416  0.001624
    98      2      4  0.022890  0.022702  0.000188
    99      2      5  0.021900  0.022045  -0.000145
   100      2      7  0.022500  0.019936  0.002564
   101      2      8  0.019500  0.014977  0.004523
   102      2      9  0.017500  0.009991  0.007509
   103      2     10  0.013980  0.004996  0.008984
   104      2     12  0.013810  0.004997  0.008813
   105      2     13  0.019000  0.009989  0.009011
   106      2     14  0.020750  0.014970  0.005780
   107      2     15  0.021500  0.019896  0.001604
   108      2     16  0.022500  0.021399  0.001101
   109      2     17  0.023220  0.021802  0.001418
   110      2     18  0.024250  0.023051  0.001199
   111      2     19  0.024210  0.023177  0.001033
   112      2     20  0.025280  0.023647  0.001633
   113      2     21  0.026090  0.023442  0.002648
   114      2     22  0.025850  0.024624  0.001226
   115      2     23  0.025860  0.025090  0.000770
   116      2     24  0.026750  0.026009  0.000741
   117      2     25  0.026750  0.026699  0.000051
   118      2     26  0.028250  0.027582  0.000668
   119      2     27  0.028340  0.027580  0.000760
   120      2     28  0.028340  0.027452  0.000888
   121      2     29  0.029000  0.027783  0.001217
   122      2     30  0.029240  0.027595  0.001645
   123      2     31  0.029570  0.027031  0.002539
   124      2     32  0.030160  0.028411  0.001749
   125      2     33  0.030060  0.029016  0.001044
   126      2     34  0.030320  0.029223  0.001097
   127      2     35  0.029500  0.029675  -0.000175
   128      2     36  0.030490  0.030094  0.000396
   129      2     37  0.030230  0.030379  -0.000149
   130      2     38  0.030480  0.031078  -0.000598
   131      2     39  0.032470  0.031944  0.000526
   132      2     40  0.032540  0.032190  0.000350
   133      2     41  0.032210  0.031961  0.000249
   134      2     42  0.032470  0.033375  -0.000905
   135      2     43  0.032460  0.033450  -0.000990
   136      2     44  0.033620  0.033875  -0.000255
   137      2     45  0.033790  0.034284  -0.000494
   138      2     46  0.033790  0.034167  -0.000377
   139      2     47  0.035110  0.034361  0.000749
   140      2     48  0.035600  0.034687  0.000913
   141      2     49  0.035280  0.035364  -0.000084
   142      2     50  0.034940  0.035578  -0.000638
   143      2     51  0.035600  0.034255  0.001345
   144      2     52  0.035770  0.035218  0.000552
   145      2     53  0.035600  0.035912  -0.000312
   146      2     54  0.035850  0.036418  -0.000568
   147      2     55  0.035360  0.036943  -0.001583
   148      2     56  0.036090  0.036924  -0.000834
   149      2     57  0.035360  0.037440  -0.002080
   150      2     58  0.036340  0.037681  -0.001341
   151      2     59  0.037080  0.037867  -0.000787
   152      2     60  0.038060  0.037767  0.000293
   153      2     61  0.038060  0.038225  -0.000165
   154      2     62  0.038550  0.038389  0.000161
   155      2     64  0.037320  0.038777  -0.001457
   156      2     65  0.037320  0.038631  -0.001311
   157      2     66  0.038550  0.038884  -0.000334
   158      2     67  0.039040  0.039126  -0.000086
   159      2     68  0.039040  0.039405  -0.000365
   160      2     69  0.039780  0.039954  -0.000174
   161      2     70  0.040760  0.040319  0.000441
   162      2     71  0.040270  0.040612  -0.000342
   163      2     72  0.039290  0.040535  -0.001245
   164      2     75  0.040760  0.040453  0.000307
   165      2     76  0.041740  0.040787  0.000953
   166      2     77  0.041990  0.041433  0.000557
   167      2     78  0.043950  0.042345  0.001605
   168      2     80  0.043710  0.043591  0.000119
   169      2     81  0.043950  0.046228  -0.002278
   170      2     82  0.044940  0.044934  0.000006
   171      2     83  0.046160  0.044806  0.001354
   172      2     86  0.046410  0.045690  0.000720
   173      2     87  0.047390  0.046715  0.000675
   174      2     88  0.047640  0.047274  0.000366
   175      2     89  0.046160  0.047362  -0.001202
   176      2     90  0.046160  0.047596  -0.001436
   177      2     91  0.046160  0.048042  -0.001882
   178      2     93  0.050590  0.046426  0.004164
   179      2     94  0.051080  0.047267  0.003813
   180      2     96  0.052060  0.048461  0.003599
   181      3      1  0.025970  0.024695  0.001275
   182      3      2  0.024710  0.024995  -0.000285
   183      3      3  0.023440  0.023929  -0.000489
   184      3      4  0.022810  0.023268  -0.000458
   185      3      5  0.022050  0.022731  -0.000681
   186      3      7  0.022690  0.022640  0.000050
   187      3      8  0.022050  0.021980  0.000070
   188      3      9  0.021930  0.021701  0.000229
   189      3     10  0.022290  0.022202  0.000088
   190      3     11  0.021190  0.023442  -0.002252
   191      3     12  0.021550  0.021643  -0.000093
   192      3     13  0.020790  0.020946  -0.000156
   193      3     14  0.020910  0.020195  0.000715
   194      3     15  0.020550  0.019503  0.001047
   195      3     16  0.019150  0.018433  0.000717
   196      3     17  0.017760  0.017557  0.000203
   197      3     18  0.014470  0.014176  0.000294
   198      3     19  0.011690  0.009738  0.001952
   199      3     20  0.007900  0.004915  0.002985
   200      3     22  0.008020  0.004945  0.003075
   201      3     23  0.011310  0.009881  0.001429
   202      3     24  0.015720  0.014695  0.001025
   203      3     25  0.017880  0.017611  0.000269
   204      3     26  0.018400  0.018634  -0.000234
   205      3     27  0.019540  0.019337  0.000203
   206      3     28  0.019540  0.019331  0.000209
   207      3     29  0.020030  0.020271  -0.000241
   208      3     30  0.020160  0.020084  0.000076
   209      3     31  0.020410  0.019520  0.000890
   210      3     32  0.021170  0.020899  0.000271
   211      3     33  0.021420  0.021505  -0.000085
   212      3     34  0.022050  0.021711  0.000339
   213      3     35  0.022430  0.022164  0.000266
   214      3     36  0.022690  0.022583  0.000107
   215      3     37  0.023760  0.022867  0.000893
   216      3     38  0.023820  0.023567  0.000253
   217      3     39  0.024330  0.024432  -0.000102
   218      3     40  0.024710  0.024679  0.000031
   219      3     41  0.024450  0.024450  0.000000
   220      3     42  0.025470  0.025863  -0.000393
   221      3     43  0.025320  0.025938  -0.000618
   222      3     44  0.025680  0.026364  -0.000684
   223      3     45  0.026240  0.026773  -0.000533
   224      3     46  0.026240  0.026656  -0.000416
   225      3     47  0.026110  0.026849  -0.000739
   226      3     48  0.026730  0.027175  -0.000445
   227      3     49  0.027740  0.027853  -0.000113
   228      3     50  0.028250  0.028066  0.000184
   229      3     51  0.028630  0.026854  0.001776
   230      3     52  0.028500  0.027817  0.000683
   231      3     53  0.028230  0.028511  -0.000281
   232      3     54  0.028970  0.029017  -0.000047
   233      3     55  0.029710  0.029889  -0.000179
   234      3     56  0.029460  0.029883  -0.000423
   235      3     57  0.029710  0.030589  -0.000879
   236      3     59  0.029950  0.031304  -0.001354
   237      3     60  0.031430  0.031229  0.000201
   238      3     61  0.031430  0.031781  -0.000351
   239      3     62  0.032160  0.031946  0.000214
   240      3     65  0.031430  0.032305  -0.000875
   241      3     66  0.031430  0.032558  -0.001128
   242      3     67  0.033150  0.032800  0.000350
   243      3     68  0.033640  0.033079  0.000561
   244      3     69  0.034130  0.033628  0.000502
   245      3     70  0.034370  0.033993  0.000377
   246      3     71  0.034870  0.034286  0.000584
   247      3     72  0.034130  0.034208  -0.000078
   248      3     73  0.034620  0.034261  0.000359
   249      3     74  0.034870  0.034098  0.000772
   250      3     75  0.035600  0.034127  0.001473
   251      3     76  0.036090  0.034461  0.001629
   252      3     77  0.036090  0.035107  0.000983
   253      3     78  0.037570  0.036019  0.001551
   254      3     79  0.037810  0.036281  0.001529
   255      3     80  0.038550  0.037264  0.001286
   256      3     81  0.038800  0.039907  -0.001107
   257      3     82  0.040760  0.038613  0.002147
   258      3     83  0.040510  0.038484  0.002026
   259      3     84  0.039530  0.038625  0.000905
   260      3     85  0.039290  0.038894  0.000396
   261      3     86  0.040020  0.039368  0.000652
   262      3     87  0.039780  0.040393  -0.000613
   263      3     88  0.040510  0.040953  -0.000443
   264      3     89  0.040020  0.041040  -0.001020
   265      3     90  0.039290  0.041275  -0.001985
   266      3     91  0.038550  0.041721  -0.003171
   267      3     92  0.039290  0.040691  -0.001401
   268      3     93  0.039040  0.040104  -0.001064
   269      3     94  0.038800  0.040945  -0.002145
   270      3     95  0.040510  0.042685  -0.002175
   271      3     96  0.040020  0.042140  -0.002120
   272      3     97  0.039530  0.041643  -0.002113
   273      3     98  0.039530  0.041683  -0.002153
   274      3     99  0.039780  0.042114  -0.002334
   275      3    100  0.039780  0.042917  -0.003137
   276      3    101  0.039530  0.045144  -0.005614
   277      3    102  0.040020  0.043098  -0.003078
   278      3    103  0.040020  0.042662  -0.002642
   279      3    104  0.041250  0.042846  -0.001596
   280      4      1  0.028120  0.028285  -0.000165
   281      4      2  0.028000  0.028585  -0.000585
   282      4      3  0.027250  0.027519  -0.000269
   283      4      4  0.027120  0.026858  0.000262
   284      4      5  0.026230  0.026321  -0.000091
   285      4      6  0.025460  0.026377  -0.000917
   286      4      7  0.026100  0.026230  -0.000130
   287      4      8  0.025340  0.025570  -0.000230
   288      4      9  0.026100  0.025291  0.000809
   289      4     10  0.025590  0.025792  -0.000202
   290      4     11  0.025720  0.027031  -0.001311
   291      4     12  0.023820  0.025233  -0.001413
   292      4     13  0.022310  0.024536  -0.002226
   293      4     14  0.022050  0.023785  -0.001735
   294      4     15  0.022190  0.023478  -0.001288
   295      4     16  0.022190  0.022484  -0.000294
   296      4     17  0.022310  0.021878  0.000432
   297      4     18  0.021300  0.021662  -0.000362
   298      4     19  0.020410  0.020970  -0.000560
   299      4     20  0.019780  0.020424  -0.000644
   300      4     21  0.020280  0.019520  0.000760
   301      4     22  0.019650  0.019813  -0.000163
   302      4     23  0.019650  0.019654  -0.000004
   303      4     24  0.018010  0.019238  -0.001228
   304      4     25  0.017770  0.018405  -0.000635
   305      4     26  0.018640  0.017795  0.000845
   306      4     27  0.017000  0.016392  0.000608
   307      4     28  0.014470  0.013950  0.000520
   308      4     29  0.010800  0.009684  0.001116
   309      4     30  0.007640  0.004916  0.002724
   310      4     32  0.007520  0.004874  0.002646
   311      4     33  0.010800  0.009534  0.001266
   312      4     34  0.013590  0.013514  0.000076
   313      4     35  0.015860  0.015835  0.000025
   314      4     36  0.017760  0.017187  0.000573
   315      4     37  0.017760  0.017500  0.000260
   316      4     38  0.017630  0.018199  -0.000569
   317      4     39  0.018510  0.019203  -0.000693
   318      4     40  0.019390  0.019971  -0.000581
   319      4     41  0.019270  0.019742  -0.000472
   320      4     42  0.020160  0.021156  -0.000996
   321      4     43  0.021550  0.021296  0.000254
   322      4     44  0.022810  0.021722  0.001088
   323      4     45  0.023190  0.022131  0.001059
   324      4     46  0.021800  0.022014  -0.000214
   325      4     48  0.021770  0.022533  -0.000763
   326      4     49  0.022050  0.023211  -0.001161
   327      4     50  0.022050  0.023424  -0.001374
   328      4     51  0.021800  0.022246  -0.000446
   329      4     52  0.022050  0.023208  -0.001158
   330      4     53  0.024060  0.023903  0.000157
   331      4     54  0.023080  0.024408  -0.001328
   332      4     56  0.023570  0.025386  -0.001816
   333      4     66  0.026510  0.028253  -0.001743
   334      4     68  0.028230  0.028774  -0.000544
   335      4     69  0.028480  0.029323  -0.000843
   336      4     70  0.027990  0.029688  -0.001698
   337      4     71  0.027010  0.029981  -0.002971
   338      4     72  0.028720  0.029904  -0.001184
   339      4     73  0.029950  0.029956  -0.000006
   340      4     74  0.028230  0.029793  -0.001563
   341      4     75  0.028970  0.029822  -0.000852
   342      4     76  0.028970  0.030156  -0.001186
   343      4     77  0.029460  0.030802  -0.001342
   344      4     78  0.029460  0.031714  -0.002254
   345      4     79  0.030690  0.031976  -0.001286
   346      4     80  0.031180  0.032960  -0.001780
   347      4     81  0.032160  0.035744  -0.003584
   348      4     82  0.034370  0.034589  -0.000219
   349      4     83  0.034620  0.034460  0.000160
   350      4     84  0.036580  0.034601  0.001979
   351      4     85  0.036580  0.034870  0.001710
   352      4     86  0.036580  0.035345  0.001235
   353      4     87  0.038300  0.036369  0.001931
   354      4     88  0.038800  0.036929  0.001871
   355      4     89  0.039530  0.037016  0.002514
   356      4     90  0.039040  0.037251  0.001789
   357      4     91  0.038300  0.037697  0.000603
   358      4     92  0.039290  0.036668  0.002622
   359      4     93  0.038300  0.036080  0.002220
   360      4     94  0.037570  0.036922  0.000648
   361      4     95  0.039040  0.038661  0.000379
   362      4     96  0.039530  0.038116  0.001414
   363      4     97  0.040760  0.037619  0.003141
   364      4     98  0.040270  0.037660  0.002610
   365      4     99  0.039530  0.038091  0.001439
   366      4    100  0.039040  0.038893  0.000147
   367      4    101  0.039530  0.041120  -0.001590
   368      4    102  0.040270  0.039074  0.001196
   369      4    103  0.041250  0.038638  0.002612
   370      4    104  0.041740  0.038822  0.002918
   371      5      1  0.033430  0.033215  0.000215
   372      5      2  0.032800  0.033515  -0.000715
   373      5      3  0.032800  0.032448  0.000352
   374      5      4  0.032040  0.031788  0.000252
   375      5      5  0.030920  0.031251  -0.000331
   376      5      6  0.030480  0.031307  -0.000827
   377      5      7  0.030280  0.031160  -0.000880
   378      5      8  0.031910  0.030500  0.001410
   379      5      9  0.031150  0.030220  0.000930
   380      5     10  0.030520  0.030722  -0.000202
   381      5     11  0.029590  0.031961  -0.002371
   382      5     12  0.029300  0.030163  -0.000863
   383      5     15  0.027820  0.028408  -0.000588
   384      5     16  0.026990  0.027413  -0.000423
   385      5     17  0.025980  0.026808  -0.000828
   386      5     18  0.026100  0.026592  -0.000492
   387      5     19  0.025850  0.025899  -0.000049
   388      5     20  0.025350  0.025354  -0.000004
   389      5     21  0.024590  0.024450  0.000140
   390      5     22  0.024590  0.024778  -0.000188
   391      5     23  0.024460  0.024800  -0.000340
   392      5     24  0.024580  0.024455  0.000125
   393      5     25  0.024450  0.023763  0.000687
   394      5     26  0.023440  0.023603  -0.000163
   395      5     27  0.022060  0.022878  -0.000818
   396      5     28  0.021810  0.022045  -0.000235
   397      5     29  0.021060  0.021205  -0.000145
   398      5     30  0.020790  0.020406  0.000384
   399      5     31  0.020410  0.019742  0.000668
   400      5     32  0.019780  0.019913  -0.000133
   401      5     33  0.020410  0.019801  0.000609
   402      5     34  0.018770  0.019135  -0.000365
   403      5     35  0.018390  0.018401  -0.000011
   404      5     36  0.017760  0.017488  0.000272
   405      5     37  0.015990  0.015726  0.000264
   406      5     38  0.013210  0.012947  0.000263
   407      5     39  0.010550  0.009362  0.001188
   408      5     40  0.006510  0.004800  0.001710
   409      5     42  0.006760  0.004821  0.001939
   410      5     43  0.010300  0.009444  0.000856
   411      5     44  0.013080  0.012994  0.000086
   412      5     45  0.015730  0.015586  0.000144
   413      5     46  0.017000  0.016908  0.000092
   414      5     47  0.016870  0.017208  -0.000338
   415      5     48  0.017500  0.017734  -0.000234
   416      5     49  0.018260  0.018580  -0.000320
   417      5     50  0.019020  0.019014  0.000006
   418      5     51  0.019530  0.018495  0.001035
   419      5     52  0.020280  0.019460  0.000820
   420      5     53  0.020620  0.020155  0.000465
   421      5     54  0.021110  0.020660  0.000450
   422      5     55  0.022090  0.021660  0.000430
   423      5     56  0.022830  0.021654  0.001176
   424      5     57  0.022830  0.022394  0.000436
   425      5     59  0.023810  0.023435  0.000375
   426      5     60  0.023320  0.023360  -0.000040
   427      5     61  0.022830  0.024005  -0.001175
   428      5     62  0.022830  0.024170  -0.001340
   429      5     63  0.021850  0.023850  -0.002000
   430      5     64  0.023320  0.024566  -0.001246
   431      5     65  0.024300  0.024542  -0.000242
   432      5     66  0.025040  0.024795  0.000245
   433      5     68  0.025040  0.025316  -0.000276
   434      5     69  0.025530  0.025866  -0.000336
   435      5     70  0.024790  0.026230  -0.001440
   436      5     72  0.025530  0.026446  -0.000916
   437      5     73  0.025290  0.026498  -0.001208
   438      5     74  0.025290  0.026335  -0.001045
   439      5     75  0.026020  0.026364  -0.000344
   440      5     76  0.026020  0.026698  -0.000678
   441      5     77  0.027990  0.027345  0.000645
   442      5     78  0.029460  0.028257  0.001203
   443      5     79  0.027990  0.028518  -0.000528
   444      5     80  0.027990  0.029502  -0.001512
   445      5     81  0.028230  0.032286  -0.004056
   446      5     82  0.027740  0.031131  -0.003391
   447      5     83  0.027740  0.031003  -0.003263
   448      5     84  0.030200  0.031143  -0.000943
   449      5     91  0.033640  0.034239  -0.000599
   450      5     92  0.034370  0.033210  0.001160
   451      5     99  0.035360  0.034633  0.000727
   452      5    100  0.037810  0.035435  0.002375
   453      5    101  0.038300  0.037663  0.000637
   454      5    102  0.037810  0.035616  0.002194
   455      5    103  0.036830  0.035180  0.001650
   456      5    104  0.037320  0.035364  0.001956
   457      6      1  0.034760  0.035354  -0.000594
   458      6      2  0.034610  0.035668  -0.001058
   459      6      3  0.034170  0.034601  -0.000431
   460      6      4  0.034610  0.033941  0.000669
   461      6      5  0.034610  0.033404  0.001206
   462      6      6  0.034170  0.033477  0.000693
   463      6      7  0.034310  0.033361  0.000949
   464      6      8  0.034310  0.032720  0.001590
   465      6      9  0.035050  0.032441  0.002609
   466      6     10  0.034900  0.032943  0.001957
   467      6     11  0.033430  0.034255  -0.000825
   468      6     12  0.033430  0.032567  0.000863
   469      6     13  0.033130  0.031870  0.001260
   470      6     14  0.032100  0.031119  0.000981
   471      6     15  0.030920  0.030812  0.000108
   472      6     16  0.029890  0.029818  0.000072
   473      6     17  0.029300  0.029212  0.000088
   474      6     18  0.029150  0.028996  0.000154
   475      6     19  0.028560  0.028304  0.000256
   476      6     20  0.027520  0.027758  -0.000238
   477      6     21  0.026790  0.026854  -0.000064
   478      6     22  0.026340  0.027183  -0.000843
   479      6     23  0.026790  0.027245  -0.000455
   480      6     24  0.026790  0.026908  -0.000118
   481      6     25  0.026930  0.026216  0.000714
   482      6     26  0.025460  0.026056  -0.000596
   483      6     27  0.025160  0.025330  -0.000170
   484      6     28  0.025160  0.024549  0.000611
   485      6     29  0.024130  0.023708  0.000422
   486      6     30  0.023540  0.022909  0.000631
   487      6     31  0.022950  0.022246  0.000704
   488      6     32  0.022060  0.022480  -0.000420
   489      6     33  0.023390  0.022389  0.001001
   490      6     34  0.021920  0.021791  0.000129
   491      6     35  0.021330  0.021957  -0.000627
   492      6     36  0.021920  0.021342  0.000578
   493      6     37  0.022360  0.020841  0.001519
   494      6     38  0.020590  0.020850  -0.000260
   495      6     39  0.020150  0.020124  0.000026
   496      6     40  0.019850  0.019706  0.000144
   497      6     41  0.019850  0.018495  0.001355
   498      6     42  0.018820  0.018239  0.000581
   499      6     43  0.018080  0.017561  0.000519
   500      6     44  0.017200  0.017256  -0.000056
   501      6     45  0.016750  0.016286  0.000464
   502      6     46  0.014830  0.014735  0.000095
   503      6     47  0.014540  0.013767  0.000773
   504      6     48  0.012920  0.011905  0.001015
   505      6     49  0.008930  0.008185  0.000745
   506      6     50  0.005830  0.004100  0.001730
   507      6     52  0.006130  0.004385  0.001745
   508      6     53  0.006620  0.007823  -0.001203
   509      6     54  0.011040  0.010713  0.000327
   510      6     55  0.013250  0.012768  0.000482
   511      6     56  0.014230  0.013694  0.000536
   512      6     57  0.014970  0.014869  0.000101
   513      6     59  0.018160  0.016752  0.001408
   514      6     60  0.017670  0.016678  0.000992
   515      6     61  0.018900  0.017573  0.001327
   516      6     62  0.020370  0.017829  0.002541
   517      6     63  0.020130  0.017509  0.002621
   518      6     64  0.020370  0.018225  0.002145
   519      6     65  0.020130  0.018292  0.001838
   520      6     66  0.019880  0.018640  0.001240
   521      6     67  0.020620  0.018882  0.001738
   522      6     68  0.019640  0.019161  0.000479
   523      6     69  0.021360  0.019710  0.001650
   524      6     70  0.021110  0.020075  0.001035
   525      6     71  0.020620  0.020368  0.000252
   526      6     72  0.021110  0.020290  0.000820
   527      6     73  0.020860  0.020343  0.000517
   528      6     74  0.020860  0.020180  0.000680
   529      6     75  0.020620  0.020209  0.000411
   530      6     76  0.020370  0.020543  -0.000173
   531      6     77  0.021600  0.021189  0.000411
   532      6     78  0.021850  0.022101  -0.000251
   533      6     79  0.022580  0.022363  0.000217
   534      6     80  0.023570  0.023346  0.000224
   535      6     81  0.024790  0.026131  -0.001341
   536      6     82  0.024790  0.024976  -0.000186
   537      6     83  0.026270  0.024847  0.001423
   538      6     84  0.025530  0.024988  0.000542
   539      6     85  0.024060  0.025257  -0.001197
   540      6     86  0.025040  0.025732  -0.000692
   541      6     87  0.026760  0.026756  0.000004
   542      6     88  0.025530  0.027316  -0.001786
   543      6     89  0.023320  0.027403  -0.004083
   544      6     90  0.022580  0.027638  -0.005058
   545      6     91  0.022830  0.028084  -0.005254
   546      6     92  0.022090  0.027055  -0.004965
   547      6     93  0.021110  0.026467  -0.005357
   548      6     94  0.022580  0.027309  -0.004729
   549      6     96  0.021360  0.028503  -0.007143
   550      6     97  0.022090  0.028006  -0.005916
   551      6     98  0.021360  0.028047  -0.006687
   552      6     99  0.020370  0.028478  -0.008108
   553      6    100  0.020130  0.029280  -0.009150
   554      6    101  0.021110  0.031507  -0.010397
   555      6    102  0.021850  0.029461  -0.007611
   556      6    103  0.022090  0.029025  -0.006935
   557      6    104  0.022580  0.029209  -0.006629
   558      7      1  0.040750  0.039324  0.001426
   559      7      2  0.040000  0.039637  0.000363
   560      7      3  0.039110  0.038571  0.000539
   561      7      4  0.038000  0.037910  0.000090
   562      7      5  0.037250  0.037373  -0.000123
   563      7      6  0.038000  0.037446  0.000554
   564      7      7  0.037750  0.037330  0.000420
   565      7      8  0.036120  0.036690  -0.000570
   566      7      9  0.035500  0.036411  -0.000911
   567      7     10  0.036690  0.036912  -0.000222
   568      7     11  0.037000  0.038225  -0.001225
   569      7     12  0.037500  0.036880  0.000620
   570      7     13  0.037250  0.036403  0.000847
   571      7     14  0.036120  0.035843  0.000277
   572      7     15  0.035690  0.035610  0.000080
   573      7     16  0.034550  0.034745  -0.000195
   574      7     17  0.033120  0.034139  -0.001019
   575      7     18  0.033550  0.033924  -0.000374
   576      7     19  0.033260  0.033231  0.000029
   577      7     20  0.032980  0.032685  0.000295
   578      7     21  0.033260  0.031781  0.001479
   579      7     22  0.032410  0.032110  0.000300
   580      7     23  0.031980  0.032172  -0.000192
   581      7     24  0.031410  0.031897  -0.000487
   582      7     25  0.031120  0.031256  -0.000136
   583      7     26  0.030980  0.031101  -0.000121
   584      7     27  0.030250  0.030376  -0.000126
   585      7     28  0.029500  0.029645  -0.000145
   586      7     29  0.028840  0.028927  -0.000087
   587      7     30  0.029260  0.028128  0.001132
   588      7     31  0.028250  0.027465  0.000785
   589      7     32  0.027730  0.027699  0.000031
   590      7     33  0.027840  0.027607  0.000233
   591      7     35  0.028000  0.027176  0.000824
   592      7     36  0.026750  0.026561  0.000189
   593      7     37  0.026000  0.026060  -0.000060
   594      7     38  0.026750  0.026227  0.000523
   595      7     39  0.025750  0.025502  0.000248
   596      7     40  0.025750  0.025214  0.000536
   597      7     41  0.024750  0.024005  0.000745
   598      7     42  0.023750  0.024006  -0.000256
   599      7     43  0.023250  0.023429  -0.000179
   600      7     44  0.023270  0.023258  0.000012
   601      7     45  0.022840  0.022831  0.000009
   602      7     46  0.021910  0.021849  0.000061
   603      7     47  0.021410  0.021524  -0.000114
   604      7     48  0.020980  0.021039  -0.000059
   605      7     49  0.020950  0.020417  0.000533
   606      7     50  0.020130  0.019454  0.000676
   607      7     51  0.019700  0.017573  0.002127
   608      7     52  0.019910  0.018536  0.001374
   609      7     53  0.018160  0.019230  -0.001070
   610      7     54  0.018410  0.018587  -0.000177
   611      7     55  0.016930  0.016984  -0.000054
   612      7     56  0.015710  0.015132  0.000578
   613      7     57  0.013500  0.013071  0.000429
   614      7     58  0.010550  0.010626  -0.000076
   615      7     59  0.011040  0.008114  0.002926
   616      7     60  0.006370  0.004260  0.002110
   617      7     62  0.006130  0.004384  0.001746
   618      7     63  0.009320  0.008193  0.001127
   619      7     64  0.011040  0.011064  -0.000024
   620      7     65  0.013990  0.013392  0.000598
   621      7     66  0.015950  0.015255  0.000695
   622      7     67  0.017180  0.016600  0.000580
   623      7     68  0.018160  0.017809  0.000351
   624      7     69  0.019150  0.018810  0.000340
   625      7     70  0.020370  0.019549  0.000821
   626      7     71  0.020370  0.019893  0.000477
   627      7     72  0.019880  0.019815  0.000065
   628      7     73  0.019390  0.019867  -0.000477
   629      7     74  0.019880  0.019704  0.000176
   630      7     75  0.019150  0.019734  -0.000584
   631      7     76  0.019390  0.020068  -0.000678
   632      7     77  0.020130  0.020714  -0.000584
   633      7     78  0.020130  0.021626  -0.001496
   634      7     79  0.020860  0.021887  -0.001027
   635      7     80  0.022580  0.022871  -0.000291
   636      7     81  0.022830  0.025656  -0.002826
   637      7     82  0.023810  0.025290  -0.001480
   638      7     83  0.023810  0.025604  -0.001794
   639      7     84  0.025530  0.026021  -0.000491
   640      7     85  0.025780  0.026341  -0.000561
   641      7     86  0.026270  0.027298  -0.001028
   642      7     87  0.028720  0.028525  0.000195
   643      7     88  0.029460  0.029085  0.000375
   644      7     89  0.029950  0.029172  0.000778
   645      7     90  0.029710  0.029407  0.000303
   646      7     91  0.029220  0.029853  -0.000633
   647      7     92  0.028230  0.028824  -0.000594
   648      7     93  0.028480  0.028236  0.000244
   649      7     94  0.029220  0.029078  0.000142
   650      7     95  0.030690  0.030817  -0.000127
   651      7     96  0.031180  0.030272  0.000908
   652      7     97  0.030440  0.029775  0.000665
   653      7     98  0.029950  0.029816  0.000134
   654      7     99  0.028970  0.030247  -0.001277
   655      7    100  0.029950  0.031049  -0.001099
   656      7    101  0.030690  0.033276  -0.002586
   657      7    102  0.031180  0.031230  -0.000050
   658      7    103  0.032160  0.030794  0.001366
   659      7    104  0.031920  0.030978  0.000942
   660      8      1  0.043250  0.041711  0.001539
   661      8      2  0.042540  0.042025  0.000515
   662      8      3  0.041260  0.040959  0.000301
   663      8      4  0.040260  0.040298  -0.000038
   664      8      5  0.040970  0.039761  0.001209
   665      8      6  0.040830  0.039834  0.000996
   666      8      7  0.039970  0.039718  0.000252
   667      8      8  0.038260  0.039078  -0.000818
   668      8      9  0.037400  0.038799  -0.001399
   669      8     10  0.037830  0.039300  -0.001470
   670      8     11  0.039400  0.040612  -0.001212
   671      8     12  0.039260  0.039268  -0.000008
   672      8     13  0.038400  0.038791  -0.000391
   673      8     14  0.038540  0.038231  0.000309
   674      8     15  0.038540  0.037997  0.000543
   675      8     16  0.037970  0.037250  0.000720
   676      8     17  0.036970  0.036644  0.000326
   677      8     18  0.036400  0.036428  -0.000028
   678      8     19  0.036120  0.035736  0.000384
   679      8     20  0.035690  0.035190  0.000500
   680      8     21  0.035260  0.034286  0.000974
   681      8     22  0.036120  0.034615  0.001505
   682      8     23  0.035550  0.034677  0.000873
   683      8     24  0.034400  0.034402  -0.000002
   684      8     25  0.033550  0.033760  -0.000210
   685      8     26  0.033980  0.033606  0.000374
   686      8     27  0.033260  0.032880  0.000380
   687      8     28  0.032120  0.032150  -0.000030
   688      8     29  0.030550  0.031444  -0.000894
   689      8     30  0.029840  0.030645  -0.000805
   690      8     31  0.030260  0.029981  0.000279
   691      8     32  0.029410  0.030215  -0.000805
   692      8     33  0.028840  0.030124  -0.001284
   693      8     34  0.028980  0.029526  -0.000546
   694      8     35  0.028690  0.029692  -0.001002
   695      8     37  0.027120  0.028577  -0.001457
   696      8     53  0.023810  0.022026  0.001784
   697      8     54  0.023080  0.022531  0.000549
   698      8     55  0.023570  0.022881  0.000689
   699      8     56  0.021850  0.022409  -0.000559
   700      8     57  0.022340  0.022334  0.000006
   701      8     58  0.021360  0.021668  -0.000308
   702      8     59  0.020860  0.021003  -0.000143
   703      8     60  0.019880  0.020388  -0.000508
   704      8     61  0.020860  0.019893  0.000967
   705      8     62  0.020370  0.019967  0.000403
   706      8     63  0.018900  0.019325  -0.000425
   707      8     64  0.017670  0.018136  -0.000466
   708      8     65  0.016690  0.016397  0.000293
   709      8     66  0.014720  0.015112  -0.000392
   710      8     67  0.015220  0.014210  0.001010
   711      8     68  0.013000  0.011757  0.001243
   712      8     69  0.010060  0.008384  0.001676
   713      8     70  0.005390  0.004369  0.001021
   714      8     72  0.005640  0.004156  0.001484
   715      8     73  0.008340  0.007681  0.000659
   716      8     74  0.010550  0.010706  -0.000156
   717      8     75  0.012760  0.012919  -0.000159
   718      8     76  0.015950  0.014909  0.001041
   719      8     77  0.015220  0.015580  -0.000360
   720      8     78  0.016440  0.016760  -0.000320
   721      8     79  0.018160  0.017021  0.001139
   722      8     80  0.017430  0.018005  -0.000575
   723      8     81  0.019390  0.020790  -0.001400
   724      8     82  0.020130  0.020424  -0.000294
   725      8     83  0.020860  0.020738  0.000122
   726      8     84  0.021850  0.021576  0.000274
   727      8     85  0.022830  0.022689  0.000141
   728      8     86  0.024550  0.023842  0.000708
   729      8     87  0.025530  0.025550  -0.000020
   730      8     88  0.026760  0.026924  -0.000164
   731      8     89  0.027500  0.027614  -0.000114
   732      8     90  0.029460  0.028202  0.001258
   733      8     91  0.028720  0.029162  -0.000442
   734      8     92  0.029220  0.028340  0.000880
   735      8     93  0.028970  0.027842  0.001128
   736      8     94  0.031180  0.028683  0.002497
   737      8     95  0.031430  0.030463  0.000967
   738      8     96  0.032160  0.030317  0.001843
   739      8     97  0.031920  0.029955  0.001965
   740      8     98  0.033150  0.029996  0.003154
   741      8     99  0.033150  0.030427  0.002723
   742      8    100  0.032900  0.031229  0.001671
   743      8    101  0.032410  0.033457  -0.001047
   744      8    102  0.032650  0.031445  0.001205
   745      8    103  0.032410  0.031009  0.001401
   746      8    104  0.030690  0.031193  -0.000503
   747      9      5  0.049110  0.045377  0.003733
   748      9      6  0.048540  0.045450  0.003090
   749      9      7  0.047110  0.045334  0.001776
   750      9     11  0.046250  0.046228  0.000022
   751      9     12  0.045680  0.044884  0.000796
   752      9     15  0.043400  0.043614  -0.000214
   753      9     17  0.045540  0.042265  0.003275
   754      9     18  0.045540  0.042049  0.003491
   755      9     19  0.044250  0.041357  0.002893
   756      9     20  0.044250  0.040811  0.003439
   757      9     21  0.045250  0.039907  0.005343
   758      9     25  0.042260  0.039464  0.002796
   759      9     27  0.038690  0.038643  0.000047
   760      9     28  0.038260  0.037913  0.000347
   761      9     29  0.037400  0.037207  0.000193
   762      9     31  0.036830  0.035744  0.001086
   763      9     32  0.036830  0.035978  0.000852
   764      9     33  0.036690  0.035887  0.000803
   765      9     34  0.035830  0.035289  0.000541
   766      9     37  0.034120  0.034340  -0.000220
   767      9     40  0.033120  0.033495  -0.000375
   768      9     41  0.032120  0.032286  -0.000166
   769      9     43  0.031410  0.031751  -0.000341
   770      9     46  0.030410  0.030227  0.000183
   771      9     47  0.029690  0.029919  -0.000229
   772      9     48  0.029260  0.029462  -0.000202
   773      9     49  0.028410  0.028975  -0.000565
   774      9     50  0.029690  0.028011  0.001679
   775      9     51  0.029120  0.026131  0.002989
   776      9     52  0.028260  0.027094  0.001166
   777      9     53  0.029220  0.027788  0.001432
   778      9     54  0.029460  0.028294  0.001166
   779      9     55  0.029220  0.028643  0.000577
   780      9     56  0.027740  0.028172  -0.000432
   781      9     57  0.029460  0.028096  0.001364
   782      9     58  0.029220  0.027431  0.001789
   783      9     59  0.027500  0.026765  0.000735
   784      9     60  0.026510  0.026151  0.000359
   785      9     61  0.025530  0.025656  -0.000126
   786      9     62  0.024550  0.025730  -0.001180
   787      9     63  0.023570  0.025162  -0.001592
   788      9     64  0.023080  0.024361  -0.001281
   789      9     65  0.021850  0.023032  -0.001182
   790      9     66  0.020860  0.022080  -0.001220
   791      9     67  0.020620  0.021892  -0.001272
   792      9     68  0.020620  0.021579  -0.000959
   793      9     69  0.019390  0.020976  -0.001586
   794      9     70  0.019640  0.020833  -0.001193
   795      9     71  0.018900  0.020790  -0.001890
   796      9     72  0.018900  0.019977  -0.001077
   797      9     73  0.019640  0.019314  0.000326
   798      9     74  0.019150  0.018053  0.001097
   799      9     75  0.019640  0.016803  0.002837
   800      9     76  0.018650  0.016144  0.002506
   801      9     77  0.016440  0.014649  0.001791
   802      9     78  0.014230  0.011856  0.002374
   803      9     79  0.011040  0.008503  0.002537
   804      9     80  0.006130  0.004591  0.001539
   805      9     82  0.006370  0.004407  0.001963
   806      9     83  0.009320  0.008031  0.001289
   807      9     84  0.012020  0.011614  0.000406
   808      9     85  0.014230  0.014431  -0.000201
   809      9     86  0.017180  0.016636  0.000544
   810      9     87  0.018900  0.019345  -0.000445
   811      9     88  0.021600  0.021901  -0.000301
   812      9     89  0.021600  0.023218  -0.001618
   813      9     91  0.024790  0.025429  -0.000639
   814      9     92  0.024790  0.024631  0.000159
   815      9     93  0.025780  0.024588  0.001192
   816      9     94  0.026270  0.025429  0.000841
   817      9     95  0.026270  0.027208  -0.000938
   818      9     96  0.026760  0.027424  -0.000664
   819      9     97  0.027500  0.027153  0.000347
   820      9     98  0.028480  0.027308  0.001172
   821      9     99  0.029950  0.027741  0.002209
   822      9    100  0.029710  0.028543  0.001167
   823      9    101  0.030940  0.030779  0.000161
   824      9    102  0.031670  0.029026  0.002644
   825      9    103  0.030940  0.028671  0.002269
   826      9    104  0.032900  0.028964  0.003936
   827     10     16  0.044580  0.044684  -0.000104
   828     10     17  0.044800  0.044079  0.000721
   829     10     18  0.044160  0.043863  0.000297
   830     10     19  0.044580  0.043170  0.001410
   831     10     20  0.043320  0.042625  0.000695
   832     10     21  0.043100  0.041721  0.001379
   833     10     22  0.042680  0.042061  0.000619
   834     10     23  0.044800  0.042141  0.002659
   835     10     24  0.042680  0.041873  0.000807
   836     10     25  0.042050  0.041278  0.000772
   837     10     26  0.042050  0.041255  0.000795
   838     10     27  0.041840  0.040596  0.001244
   839     10     28  0.040350  0.039866  0.000484
   840     10     29  0.039090  0.039159  -0.000069
   841     10     30  0.038870  0.038360  0.000510
   842     10     31  0.039090  0.037697  0.001393
   843     10     32  0.037820  0.037931  -0.000111
   844     10     33  0.037820  0.037840  -0.000020
   845     10     34  0.037610  0.037242  0.000368
   846     10     35  0.036340  0.037408  -0.001068
   847     10     36  0.035910  0.036793  -0.000883
   848     10     37  0.036760  0.036292  0.000468
   849     10     38  0.035490  0.036461  -0.000971
   850     10     39  0.034430  0.035736  -0.001306
   851     10     41  0.034640  0.034239  0.000401
   852     10     42  0.034860  0.034281  0.000579
   853     10     43  0.035490  0.033704  0.001786
   854     10     44  0.033590  0.033533  0.000057
   855     10     45  0.033160  0.033108  0.000052
   856     10     46  0.031470  0.032180  -0.000710
   857     10     47  0.031680  0.031871  -0.000191
   858     10     48  0.031890  0.031415  0.000475
   859     10     49  0.031260  0.030928  0.000332
   860     10     50  0.030840  0.029964  0.000876
   861     10     51  0.029990  0.028084  0.001906
   862     10     52  0.028510  0.029046  -0.000536
   863     10     53  0.032160  0.029741  0.002419
   864     10     54  0.031430  0.030246  0.001184
   865     10     55  0.031670  0.030596  0.001074
   866     10     56  0.031180  0.030578  0.000602
   867     10     57  0.029950  0.030744  -0.000794
   868     10     58  0.028720  0.030339  -0.001619
   869     10     59  0.027990  0.030461  -0.002471
   870     10     60  0.030200  0.030194  0.000006
   871     10     61  0.030440  0.029853  0.000587
   872     10     62  0.030440  0.029977  0.000463
   873     10     63  0.030690  0.029537  0.001153
   874     10     64  0.030440  0.030137  0.000303
   875     10     65  0.030690  0.029771  0.000919
   876     10     66  0.030200  0.029436  0.000764
   877     10     67  0.030200  0.029408  0.000792
   878     10     68  0.030690  0.029469  0.001221
   879     10     69  0.030690  0.029349  0.001341
   880     10     70  0.030200  0.029206  0.000994
   881     10     71  0.029710  0.029162  0.000548
   882     10     72  0.029710  0.028350  0.001360
   883     10     73  0.028480  0.027701  0.000779
   884     10     74  0.027010  0.026440  0.000570
   885     10     75  0.024300  0.025259  -0.000959
   886     10     78  0.023080  0.023926  -0.000846
   887     10     80  0.024060  0.024281  -0.000221
   888     10     81  0.025780  0.025429  0.000351
   889     10     82  0.026020  0.022903  0.003117
   890     10     83  0.021850  0.021911  -0.000061
   891     10     84  0.021850  0.021335  0.000515
   892     10     85  0.023810  0.021264  0.002546
   893     10     86  0.022580  0.020783  0.001797
   894     10     87  0.021600  0.018920  0.002680
   895     10     88  0.016690  0.014370  0.002320
   896     10     89  0.012510  0.009674  0.002836
   897     10     90  0.005640  0.004862  0.000778
   898     10     92  0.007600  0.004715  0.002885
   899     10     93  0.010790  0.009091  0.001699
   900     10     95  0.007110  0.014098  -0.006988
   901     10     96  0.021360  0.017031  0.004329
   902     10     97  0.013500  0.018491  -0.004991
   903     10     98  0.019150  0.021110  -0.001960
   904     10    100  0.022580  0.024952  -0.002372
   905     10    101  0.024550  0.027188  -0.002638
   906     10    102  0.025780  0.025463  0.000317
   907     10    103  0.025040  0.025108  -0.000068
   908     10    104  0.024790  0.025404  -0.000614
   909     11      3  0.053540  0.051812  0.001728
   910     11      4  0.053330  0.051151  0.002179
   911     11      5  0.052920  0.050614  0.002306
   912     11      7  0.048380  0.050571  -0.002191
   913     11      8  0.050860  0.049931  0.000929
   914     11      9  0.051470  0.049652  0.001818
   915     11     10  0.052510  0.050153  0.002357
   916     11     16  0.050030  0.048108  0.001922
   917     11     17  0.050030  0.047502  0.002528
   918     11     18  0.049000  0.047286  0.001714
   919     11     19  0.047560  0.046594  0.000966
   920     11     20  0.046730  0.046048  0.000682
   921     11     21  0.046320  0.045144  0.001176
   922     11     22  0.045490  0.045485  0.000005
   923     11     23  0.045290  0.045565  -0.000275
   924     11     24  0.045490  0.045297  0.000193
   925     11     25  0.044460  0.044701  -0.000241
   926     11     26  0.046320  0.044678  0.001642
   927     11     27  0.045290  0.044019  0.001271
   928     11     28  0.044880  0.043289  0.001591
   929     11     29  0.043840  0.042583  0.001257
   930     11     30  0.043020  0.041784  0.001236
   931     11     31  0.042400  0.041120  0.001280
   932     11     32  0.041990  0.041354  0.000636
   933     11     33  0.041780  0.041263  0.000517
   934     11     34  0.041160  0.040665  0.000495
   935     11     36  0.042810  0.040216  0.002594
   936     11     37  0.041780  0.039716  0.002064
   937     11     38  0.040960  0.039884  0.001076
   938     11     39  0.040550  0.039159  0.001391
   939     11     40  0.040960  0.038871  0.002089
   940     11     41  0.040750  0.037663  0.003087
   941     11     42  0.039930  0.037705  0.002225
   942     11     43  0.039100  0.037127  0.001973
   943     11     44  0.038900  0.036957  0.001943
   944     11     45  0.037660  0.036531  0.001129
   945     11     46  0.037450  0.035604  0.001846
   946     11     47  0.037250  0.035295  0.001955
   947     11     48  0.037040  0.034838  0.002202
   948     11     49  0.037040  0.034351  0.002689
   949     11     50  0.037660  0.033388  0.004272
   950     11     51  0.036420  0.031507  0.004913
   951     11     52  0.036210  0.032470  0.003740
   952     11     53  0.037320  0.033165  0.004155
   953     11     54  0.038800  0.033670  0.005130
   954     11     55  0.039290  0.034020  0.005270
   955     11     56  0.037810  0.034001  0.003809
   956     11     57  0.036580  0.034168  0.002412
   957     11     59  0.038060  0.033885  0.004175
   958     11     60  0.037810  0.033618  0.004192
   959     11     61  0.037320  0.033276  0.004044
   960     11     63  0.036340  0.032961  0.003379
   961     11     64  0.035850  0.033560  0.002290
   962     11     67  0.034620  0.032836  0.001784
   963     11     68  0.034370  0.033004  0.001366
   964     11     72  0.034370  0.032740  0.001630
   965     11     75  0.030440  0.030141  0.000299
   966     11     78  0.030200  0.028960  0.001240
   967     11     79  0.029460  0.028759  0.000701
   968     11     80  0.028230  0.029315  -0.001085
   969     11     81  0.028480  0.030779  -0.002299
   970     11     82  0.027010  0.028254  -0.001244
   971     11     83  0.027010  0.027394  -0.000384
   972     11     84  0.026270  0.026934  -0.000664
   973     11     85  0.027250  0.027065  0.000185
   974     11     86  0.025290  0.026962  -0.001672
   975     11     92  0.029220  0.026159  0.003061
   976     11     93  0.029220  0.025572  0.003648
   977     11     94  0.027250  0.025216  0.002034
   978     11     95  0.025530  0.023422  0.002108
   979     11     96  0.023320  0.020743  0.002577
   980     11     97  0.019880  0.017828  0.002052
   981     11     98  0.016200  0.014091  0.002109
   982     11     99  0.012020  0.009598  0.002422
   983     11    100  0.006620  0.004823  0.001797
   984     11    102  0.000970  0.004534  -0.003564
   985     11    103  0.011530  0.008997  0.002533
   986     11    104  0.015710  0.013386  0.002324
