# Cell_X[m]  Cell_Y[m]  Velocity[m/s]
21.299755  -1.734485  596.529562
1.871144  -1.664714  362.261337
54.944577  -0.662127  389.586541
51.194148  -0.149362  241.065715
51.718773  -0.218180  284.326133
3.708599  -0.562852  211.104071
18.471978  -2.189673  600.345219
28.674824  -1.553317  487.920246
1.511637  -0.286017  200.447730
9.331011  -0.630990  201.050860
28.204280  -0.197631  211.730313
3.899790  -0.294209  207.412341
1.754614  -0.138961  200.446609
27.588767  -1.887582  549.279851
32.346136  -0.696459  268.577617
3.715417  -0.114035  205.363561
37.996619  -0.845955  299.748373
4.763043  -0.258655  208.325735
4.184373  -0.180174  207.704571
39.734095  -0.175200  208.665667
4.447416  -0.438829  209.010745
34.239971  -0.149777  278.332982
5.263944  -0.129110  206.010525
22.587329  -0.326585  207.578879
46.213860  -0.215970  276.984792
5.488728  -0.250060  205.072744
8.041222  -0.338450  200.407867
58.788234  -0.659071  337.012662
64.875642  -1.358922  455.851858
7.275878  -0.185963  200.646086
7.763614  -0.143987  200.417618
62.501762  -0.382609  347.664208
6.442097  -0.421249  201.724524
56.739527  -0.202911  341.818808
68.593977  -0.418079  256.324329
8.548350  -0.318441  200.270496
8.770742  -0.123977  200.175422
80.152184  -1.982150  546.249703
80.710638  -0.205269  238.376952
11.393740  -0.404134  200.401789
87.184839  -0.156730  213.747049
11.177574  -0.165386  200.211632
10.718553  -0.104355  200.132483
81.234495  -1.607767  546.632480
9.009926  -0.250258  200.180199
75.092356  -0.446154  361.243073
11.386438  -1.183193  246.511001
70.958869  -1.366058  425.279197
11.716166  -0.238748  200.377243
49.500902  -0.796732  319.996743
92.731615  -0.177184  247.739513
11.962033  -0.406502  200.592113
12.245867  -0.167753  200.597572
88.607429  -1.059926  272.767281
97.760214  -0.122710  216.170814
13.256409  -0.143223  202.014112
13.753932  -0.198500  204.054188
10.718236  -0.511358  200.602577
13.510341  -0.341723  203.220475
99.472368  -0.343182  208.012865
17.628478  -1.108990  312.266075
16.390893  -0.384520  238.713048
15.727467  -0.095704  234.571978
24.050211  -1.380210  306.895227
14.486017  -0.709180  235.740283
16.708352  -0.232727  235.732003
50.282210  -0.110721  232.481357
17.242587  -0.169967  228.726439
16.950939  -0.402695  230.719899
15.756520  -0.465922  243.856805
16.182541  -0.151793  240.311346
21.353885  -0.559358  207.707187
14.016421  -0.350586  206.651838
5.026988  -0.387765  207.666743
52.615642  -1.115229  375.388790
18.500543  -0.270284  207.594869
18.733156  -0.134376  205.597807
54.242347  -0.207197  334.862082
52.767524  -0.219819  310.215576
19.479718  -0.370397  204.040025
22.030931  -0.389434  205.176046
52.024965  -0.769125  339.206248
21.472864  -0.290938  202.971629
52.407049  -0.770764  341.719070
20.783044  -0.126682  201.798542
21.727763  -0.176565  203.174029
22.303168  -0.212869  206.461518
19.750596  -0.161381  203.209887
25.236229  -0.268069  227.321633
23.031438  -0.222229  211.023939
23.748656  -0.182158  219.344172
24.477820  -0.241235  225.255557
24.960254  -0.395894  226.328152
23.365519  -0.536021  220.571171
22.784161  -0.113716  208.998710
24.948211  -1.387838  297.844382
21.245102  -0.114373  202.017706
52.510649  -0.385046  305.314215
18.962278  -0.343391  204.814360
49.260260  -0.170695  231.101876
24.724025  -0.127825  225.607743
86.723384  -0.100143  217.309983
23.247277  -0.108513  213.700627
27.764825  -0.597245  240.799436
43.949450  -0.683187  298.212317
30.026763  -0.828035  353.596189
29.918418  -0.578827  223.544853
25.764703  -0.136295  232.942315
26.004279  -0.265193  234.616177
30.262849  -0.191424  204.766278
25.500932  -0.404365  230.681864
31.712863  -0.195562  219.626611
29.757587  -0.119664  203.286377
27.727123  -0.120507  220.717436
28.811491  -0.294776  207.741791
27.490044  -0.245372  225.184516
35.636466  -1.021696  333.833883
29.293485  -0.137016  203.577202
35.458476  -0.684687  306.603326
31.438445  -0.314914  217.163078
29.551072  -0.256680  203.784402
37.227126  -0.224309  253.274927
29.104976  -0.431792  207.502677
26.752779  -0.224050  237.819664
28.515771  -0.492406  211.112134
29.438803  -1.054026  470.197912
35.107388  -0.703607  304.709678
31.225583  -0.119351  209.779187
34.022155  -0.675226  289.976995
35.525369  -0.355807  291.319022
32.738586  -0.221758  263.757735
32.232181  -0.148829  239.903926
34.490544  -0.373163  283.067510
41.467722  -0.821582  326.402901
31.945044  -0.344391  229.905604
33.500577  -0.317865  274.544008
41.380780  -0.558114  223.908972
34.750573  -0.223387  284.989917
35.007614  -0.374728  287.047603
41.756415  -0.193805  221.581675
41.250077  -0.112659  211.286694
36.956592  -0.361719  258.607731
38.315738  -0.254183  225.592530
36.729466  -0.137410  268.407271
36.493593  -0.271510  275.061708
39.044358  -0.240257  211.531908
35.257041  -0.151341  289.079552
40.823163  -0.959984  338.309662
33.746714  -0.168620  275.064427
43.231650  -0.202373  265.002285
30.987240  -0.237896  207.995641
35.768328  -0.204466  291.670573
44.285696  -0.213603  276.413849
37.486535  -0.402753  249.593782
37.759408  -0.178444  242.113178
47.003413  -1.119726  364.014667
46.870636  -0.710721  333.763692
39.251462  -0.113568  208.026069
40.307335  -0.214169  208.116582
47.247335  -0.221306  270.313359
40.041430  -0.389369  212.016527
48.728359  -0.225105  241.515784
46.983779  -0.376039  278.495303
40.786327  -0.116145  206.741795
41.036404  -0.228805  208.458687
55.267266  -0.202514  339.489097
57.599534  -1.000583  386.879577
42.496491  -0.247290  248.576676
57.435372  -0.651559  369.311220
45.255894  -0.460744  296.599285
42.732315  -0.124426  254.816286
59.229788  -0.207057  238.710762
42.963965  -0.326799  261.838975
56.009073  -0.589483  358.690881
40.593662  -0.330315  208.579107
46.503827  -0.705385  328.867343
57.077864  -0.654911  370.508003
43.752644  -0.148115  270.329451
45.898452  -0.363950  280.859180
57.515072  -0.342072  320.676722
60.290042  -0.242629  229.782193
45.684592  -0.147979  284.332471
67.432944  -0.303222  289.594894
50.795048  -0.470055  287.021880
46.450303  -0.370704  279.855981
63.173133  -1.094435  392.670222
45.227070  -0.095002  284.533052
61.011968  -0.226281  232.697676
63.273664  -0.212832  378.080594
48.454818  -0.368622  246.250695
47.983875  -0.286350  254.351521
62.605829  -0.718068  355.224325
66.995853  -0.235257  305.321100
50.929061  -0.246755  234.057240
69.516983  -0.821927  325.747683
51.412921  -0.367542  277.029296
48.988619  -0.395800  239.523371
66.264548  -0.217110  314.028183
48.226459  -0.143517  248.102556
63.030878  -0.368362  356.826526
46.736444  -0.154733  279.245496
62.968278  -0.703821  354.303813
43.484294  -0.350489  268.933586
57.763702  -0.199559  300.442193
39.383490  -0.553683  231.260898
44.998702  -0.200788  283.816013
50.734913  -0.097393  223.779680
22.807741  -0.946651  261.287238
69.409048  -0.570889  263.284914
51.961899  -0.383406  288.131080
52.243125  -0.165227  295.719906
70.964910  -0.395680  266.783580
69.255627  -0.118230  228.946870
53.508422  -0.274463  325.208688
53.738217  -0.136200  327.216877
73.483866  -0.247920  396.016087
53.980564  -0.343397  330.369420
68.910469  -1.034694  380.800631
77.495309  -1.442294  541.327332
54.495660  -0.352155  342.230805
54.753313  -0.144958  343.464926
77.744655  -0.278437  293.087253
76.263110  -0.195249  318.926917
56.235820  -0.132166  339.235500
75.756523  -0.123369  336.948608
57.251370  -0.142514  338.511655
56.990898  -0.345424  344.449617
75.415297  -1.102350  477.955881
55.768240  -0.132077  341.333808
75.914255  -0.597486  386.168199
56.475347  -0.335077  341.286237
72.748438  -0.224459  350.152373
84.256506  -0.257043  274.808961
58.495425  -0.262268  261.191778
58.730995  -0.131780  253.759375
82.444377  -0.577837  316.198301
81.986737  -1.075185  457.229881
59.481981  -0.365918  237.750670
59.752194  -0.158861  230.944048
82.262479  -0.119929  279.939391
61.299184  -0.518063  263.582410
82.771474  -0.187070  278.395672
79.258242  -0.233312  222.497147
61.234653  -0.106612  244.484675
61.701261  -0.163836  283.565988
88.409829  -0.737466  237.281005
85.374658  -0.585781  284.357941
62.757214  -0.155530  355.687579
88.030918  -0.749004  238.024557
64.008546  -0.272362  398.575505
64.507757  -0.388350  390.622840
88.764142  -0.209402  207.089618
62.244548  -0.227080  341.258543
90.225554  -0.207928  210.070857
61.945809  -0.390916  327.715573
79.996671  -0.255076  214.324708
58.960783  -0.338836  252.146711
84.065944  -1.326396  399.971962
86.487668  -0.207533  219.492636
64.767920  -0.249089  388.545791
65.043229  -0.382197  393.414923
85.763755  -0.201078  239.524340
96.246186  -0.194078  271.998030
65.522355  -0.260727  360.352971
68.007364  -0.471600  277.284883
90.937867  -0.760323  329.494852
65.275309  -0.133108  375.124685
94.395175  -0.552299  257.820367
67.703950  -0.187919  284.535548
67.228994  -0.115304  296.815708
68.303415  -0.283682  260.354057
93.844800  -0.955829  361.618099
92.030951  -0.241434  240.860466
68.790562  -0.134397  238.652534
7.972344  -0.675554  206.582330
69.760682  -0.188188  228.852666
69.046189  -0.252627  236.577188
91.289717  -0.251220  224.569043
70.485572  -0.244133  242.426691
94.252604  -0.111474  240.317443
64.239836  -0.139261  393.227793
94.762561  -0.191217  241.257078
8.277609  -0.194464  200.265703
70.727040  -0.128721  246.271714
71.237869  -0.266959  273.589531
5.750251  -0.596203  208.145400
5.193986  -0.977362  255.372699
71.764450  -0.136304  294.495676
15.606222  -0.947850  287.087647
74.499551  -0.505719  383.096266
72.002736  -0.265393  299.387743
5.724783  -0.120950  204.144472
71.502320  -0.403263  282.530627
6.195222  -0.209860  202.107267
15.274223  -0.105634  229.177385
74.197958  -0.201219  400.451723
74.801593  -0.304501  371.889984
14.262489  -0.152086  210.671133
19.229122  -0.209016  203.677957
75.547287  -0.265022  343.942662
17.768173  -0.218589  222.106804
76.989895  -0.252351  314.517582
77.474190  -0.411555  300.131458
17.411702  -0.783263  261.047519
75.290764  -0.141653  345.883092
22.374094  -1.164555  258.461673
73.723902  -0.122060  409.392615
4.485479  -1.297091  302.961058
77.229535  -0.133117  303.561770
2.234412  -0.120355  200.778821
87.234994  -0.758591  243.390297
88.508071  -0.369367  208.485763
17.510760  -0.388557  226.318455
80.282743  -0.621594  227.269384
78.012798  -0.419642  286.946444
10.477748  -0.215871  200.139325
12.661704  -1.094285  232.373969
78.510718  -0.274923  258.345055
81.033502  -0.508814  284.161772
15.910009  -0.247497  240.197795
78.268144  -0.141205  259.834743
9.754926  -0.209148  200.153762
12.762442  -0.214542  200.944486
81.322864  -0.303545  281.416577
81.621595  -0.443006  282.905045
12.044753  -0.788683  212.026001
49.810971  -0.230300  258.258682
82.061210  -0.259390  276.578331
55.112490  -1.016241  391.995174
83.499419  -0.238238  288.819034
83.991033  -0.382086  277.454998
50.549777  -0.431414  306.613382
81.798731  -0.139461  270.573232
12.508310  -0.382296  200.891812
80.230488  -0.125192  216.519154
12.424363  -0.764477  212.420995
54.586325  -0.666809  387.136070
86.742017  -0.490291  226.668983
84.529898  -0.386205  274.371587
55.020579  -0.347473  344.670396
53.520594  -0.608721  346.077210
85.020248  -0.248806  265.751283
87.403403  -0.377670  213.492123
51.259851  -0.718674  329.438808
84.773391  -0.129161  268.458060
53.270205  -0.138263  321.801806
20.288730  -0.250477  202.685995
87.718564  -0.220940  212.151071
87.962494  -0.380905  211.415886
21.075833  -0.509476  206.944811
27.931403  -0.318138  214.772999
89.955666  -0.340228  208.737156
26.239576  -0.128898  235.729716
89.730112  -0.132300  205.764367
89.494353  -0.264836  205.917694
25.689803  -1.036547  298.811048
88.243930  -0.159964  208.545931
24.755341  -0.651490  233.717814
3.250836  -0.119958  203.516304
56.508943  -1.037089  397.359539
83.734527  -0.125043  287.129133
56.004060  -0.264244  342.696133
24.439573  -0.496832  234.415883
90.475058  -0.369105  214.635315
90.749504  -0.161176  214.131352
21.966870  -0.852688  241.793204
23.067691  -0.467579  219.186944
92.246714  -0.114538  245.797586
93.309618  -0.214388  257.266103
23.495933  -0.290671  217.372555
93.041233  -0.391572  250.317465
29.219917  -1.554988  514.951618
33.986684  -0.318396  274.674647
93.788157  -0.115406  255.918510
94.040761  -0.226880  245.424508
31.987080  -0.670263  266.655064
30.761657  -0.118544  205.552421
95.509659  -0.242539  305.102375
28.366675  -0.982246  300.896357
94.489377  -0.812639  367.921834
95.739559  -0.121565  323.638063
30.973273  -0.517815  223.167430
95.985745  -0.315643  284.141350
32.470767  -0.370587  255.122490
93.597775  -0.329794  259.255437
31.257813  -0.594833  225.478747
29.615720  -0.524418  219.922778
96.754859  -0.131246  255.957379
97.262429  -0.173881  229.312768
30.020435  -0.311088  205.104562
27.490132  -0.524479  243.104409
103.833333  -0.166667  234.036030
39.485557  -0.288768  209.351443
99.229408  -0.118572  207.009944
98.990856  -0.228353  208.391869
38.215504  -1.252061  377.000263
97.522642  -0.296591  224.386993
27.262920  -0.124864  229.567037
38.075146  -0.432626  236.273181
100.009195  -0.350996  209.917271
100.266235  -0.126386  216.334325
36.264127  -0.134100  281.313978
34.359348  -0.729993  293.578427
101.238690  -0.193291  225.154776
33.253863  -0.149245  271.950333
101.751991  -0.140198  222.907394
101.490681  -0.333489  225.327077
40.397953  -1.164398  373.807695
100.504007  -0.247481  220.171403
36.483410  -0.600103  302.924232
99.742959  -0.224610  207.695174
37.574674  -0.816082  304.416476
96.501045  -0.325323  266.167355
31.757035  -1.011804  277.718323
92.363988  -0.561227  290.634743
24.253795  -0.113410  223.651048
34.574588  -1.157221  332.943723
17.018547  -0.797401  260.146157
42.795373  -0.620583  273.147496
73.746963  -0.604395  392.068288
45.411662  -0.242982  285.133026
43.562070  -0.671957  297.734394
44.038340  -0.361719  272.828821
42.264175  -0.122865  239.381289
42.494565  -0.541074  271.274532
39.990508  -0.845432  374.562803
43.366315  -1.043338  318.451522
41.077358  -0.480454  221.504210
41.506492  -0.306465  217.392548
38.792896  -0.126689  213.154380
39.108958  -0.505172  229.799610
44.771633  -0.105786  281.951531
45.009601  -0.418550  294.283085
49.732816  -1.160137  504.410539
50.517124  -0.208114  230.818625
49.084957  -0.791536  330.649323
49.571231  -0.400995  242.724313
47.757417  -0.142834  257.758346
47.963924  -0.634527  295.255216
45.718169  -0.717376  327.717030
51.418578  -1.035631  376.406597
55.535507  -0.334592  341.054468
55.526837  -1.026826  395.011265
56.924230  -1.021337  400.338392
61.435914  -0.270449  271.629611
59.557039  -0.709093  340.478024
60.042235  -0.401490  237.059062
58.264430  -0.130489  265.351743
58.489543  -0.582503  325.507700
56.313694  -0.660317  357.749361
59.950626  -0.744666  338.497775
60.777315  -0.119668  226.414967
61.041905  -0.473895  256.113160
63.768710  -0.133100  392.631540
64.007651  -0.583420  420.511598
64.340195  -0.699408  411.391009
67.273731  -0.566582  320.438251
65.252520  -1.062154  470.337325
65.747046  -0.127619  337.775692
61.814806  -0.788707  358.819084
65.874701  -0.629254  376.426953
66.766859  -0.119954  307.493807
67.003307  -0.498617  322.569148
70.258532  -0.115412  235.257634
70.455801  -0.500918  270.878109
70.768472  -0.652465  279.492388
73.921860  -0.323279  407.809041
71.683886  -1.029768  409.671774
72.238286  -0.129089  313.076013
67.857540  -0.926126  358.222817
70.636062  -1.852855  528.468360
69.105595  -0.517097  263.832575
69.516309  -0.306418  230.840951
73.259964  -0.125860  370.142216
73.475635  -0.529037  384.505748
77.282740  -0.678872  329.069436
80.441126  -0.330461  230.824293
78.216429  -1.078279  445.875662
78.742574  -0.133718  251.639538
76.760359  -0.119233  315.392796
76.965112  -0.519668  335.303829
74.331188  -1.001139  449.842980
81.786784  -1.597297  558.181251
75.608576  -0.543891  376.961735
76.019633  -0.318618  330.832515
83.811061  -0.633060  299.539833
86.908223  -0.256872  214.943624
84.764968  -0.980084  368.622822
85.246857  -0.119644  257.054669
83.264892  -0.113195  284.637623
83.486113  -0.489212  303.949831
80.901329  -1.020087  332.766666
86.717682  -1.573903  372.301459
82.138301  -0.530228  315.515108
82.533953  -0.306999  281.681735
79.766183  -0.129884  213.289938
80.004955  -0.546209  224.921986
91.044166  -1.226750  388.050638
92.478329  -0.291721  249.572390
90.540371  -0.717031  325.187957
91.039221  -0.412396  220.890413
89.264241  -0.132537  205.584505
89.486596  -0.585826  217.882129
85.460511  -0.887420  299.873257
93.415120  -1.172649  359.221531
86.264284  -0.107390  222.295111
86.488128  -0.440952  228.233753
95.834839  -0.606109  320.172859
96.950159  -0.591422  281.811486
96.600583  -0.611619  286.891419
97.017288  -0.305127  244.274521
95.270100  -0.120974  272.616594
95.525420  -0.533006  345.887678
92.991563  -0.858000  414.429019
96.799856  -2.276663  550.868216
94.087437  -0.476488  256.506265
94.515165  -0.302691  240.700979
91.784237  -0.126897  232.621926
92.083277  -0.510939  286.749225
2.730201  -0.216078  201.599553
102.269436  -0.202359  226.428810
3.441729  -0.502635  209.931095
7.637279  -0.667053  206.710413
10.896127  -0.269740  200.213116
8.588874  -0.943032  217.243391
9.239184  -0.126281  200.151030
6.746875  -0.211389  201.238933
7.420388  -0.943580  214.590102
7.069474  -0.817865  215.293798
7.539491  -0.329949  200.637920
4.266436  -0.876459  235.966867
6.790878  -1.583565  353.852587
5.485640  -0.515453  208.451112
5.920006  -0.330810  202.783193
18.844600  -1.940104  602.668184
15.250825  -0.536740  238.263127
2.010857  -0.503968  203.046145
3.466254  -0.233993  204.733931
1.257023  -0.147056  200.366675
2.464613  -0.336433  201.423865
14.796757  -0.212681  220.938531
15.514869  -0.419763  241.069429
19.940132  -0.758755  257.454933
21.028146  -0.241055  202.002127
19.547191  -0.717294  253.280841
20.039326  -0.411858  204.001409
18.267387  -0.135908  209.113666
18.501415  -0.595234  226.413122
16.200718  -0.738826  277.583109
21.287834  -1.210623  280.437157
10.259194  -0.111516  200.125642
10.466523  -0.457488  200.516800
14.665153  -1.045876  289.571679
15.501691  -0.201338  232.042235
14.109858  -0.694999  233.874461
14.559246  -0.364767  215.209672
13.018852  -0.357765  201.493074
13.116609  -0.657685  211.282434
9.425263  -0.937577  206.762191
16.333771  -1.129856  303.719013
50.093181  -0.341021  292.653872
50.907064  -0.723794  329.183216
48.412519  -1.085289  412.310313
54.436004  -1.039804  382.374312
51.801382  -1.070217  369.049166
59.361903  -1.041469  451.063921
53.826069  -0.677655  347.150791
54.024177  -1.059408  379.040189
53.037729  -0.358082  315.436545
53.064747  -1.063768  377.484756
53.309782  -1.452573  414.685189
55.765073  -1.422421  443.304082
20.571773  -0.377159  202.761270
21.544722  -0.908239  241.375005
20.042031  -1.217473  409.682588
18.944248  -1.026106  285.418983
24.135200  -1.797761  460.691824
26.337610  -0.636274  245.441991
26.016200  -0.548519  245.190288
26.492355  -0.352948  237.792868
24.002451  -0.295568  222.031441
23.734481  -0.910773  257.315141
21.796176  -2.080410  572.076716
23.449422  -0.792074  253.304247
22.790248  -0.571935  217.533493
23.169086  -1.098348  264.685863
31.367699  -0.965852  282.661433
33.210279  -1.593416  387.069782
30.524506  -0.309968  205.693347
30.294082  -0.927899  333.015660
30.542844  -1.362001  400.832615
36.238722  -1.416723  401.555659
29.336292  -0.699531  216.147811
29.826577  -1.128122  520.904589
27.015699  -0.348914  237.983903
27.888606  -0.966578  299.786438
26.398381  -0.963934  300.822858
27.551210  -1.286067  322.988976
36.779742  -0.690312  297.812970
36.908230  -1.064622  332.752506
36.032455  -0.338567  292.660287
36.026508  -1.021409  339.873295
34.972225  -1.129271  338.356719
39.358793  -1.183337  327.947146
33.722355  -1.379117  358.313421
34.227308  -1.600410  345.100613
32.992449  -0.371004  269.207083
33.109373  -0.726716  297.432528
42.953280  -1.015654  317.360109
44.088939  -1.051735  328.244246
42.020590  -0.316670  229.094345
41.752682  -0.954660  332.507204
39.834484  -2.031461  703.083018
45.899138  -1.082459  348.415494
40.801283  -0.581964  218.844955
41.186180  -1.121942  350.995323
38.608633  -0.380872  223.927498
39.581106  -0.896177  340.851037
37.339886  -1.149357  328.542510
37.504877  -1.649855  426.998418
44.557329  -0.319389  279.197495
45.348541  -0.719168  327.085479
43.693465  -1.357628  334.946169
48.862142  -1.132848  431.723362
48.268200  -0.716799  294.474204
46.299611  -1.063714  343.722067
47.504752  -0.364140  266.823609
47.429938  -1.133221  357.274609
45.105480  -0.958138  333.509418
50.799429  -1.390386  557.195910
58.947630  -1.018528  467.227523
60.079389  -1.197480  493.653769
58.028132  -0.330048  285.987617
58.006686  -1.011331  387.665835
57.266902  -1.309963  407.014092
62.069286  -1.153577  399.677330
60.567357  -0.362297  231.184441
61.433528  -0.809242  353.066601
59.679738  -1.446088  470.240616
61.208447  -1.097736  388.566583
63.542374  -0.345932  386.163629
63.568172  -1.070034  406.962155
62.471022  -1.091245  391.488321
63.955322  -2.072766  610.743866
67.130875  -1.705854  587.302610
68.126208  -1.455005  492.551635
65.552128  -0.545251  387.962884
66.011595  -0.344729  321.301248
66.531407  -0.337064  312.748800
67.394913  -0.905804  364.803180
65.964877  -0.947084  414.718163
67.088286  -1.196087  391.898912
70.019213  -0.303600  232.252471
69.797374  -0.922220  324.816190
70.108239  -1.366024  386.602315
74.603056  -1.591402  567.452036
70.183506  -1.755016  523.539618
72.329305  -0.635964  306.081024
72.011984  -0.547810  302.507797
72.486724  -0.353548  332.978720
68.820049  -0.682549  263.076246
69.303950  -1.120280  386.520648
73.008402  -0.350319  359.639122
73.854698  -0.977755  431.689244
72.383139  -0.960106  398.896315
73.508209  -1.290643  401.736146
76.723475  -1.865066  692.721714
78.852939  -0.661669  313.882045
78.529508  -0.569563  333.661748
79.000816  -0.367030  234.951689
76.523469  -0.314482  318.124779
76.311341  -0.965110  389.041202
76.635551  -1.439424  466.999244
76.026288  -0.862067  409.364407
75.320312  -0.725022  364.711294
75.815594  -1.185799  485.818755
83.328462  -1.722611  604.495565
89.246023  -1.390155  281.810583
85.050961  -0.513865  285.447762
85.510612  -0.320722  249.068733
83.036365  -0.300265  278.737900
82.858831  -0.917467  368.407359
83.210831  -1.345896  431.410979
82.571054  -0.828404  370.898932
81.865353  -0.713844  302.830010
82.386362  -1.142136  449.518453
79.524424  -0.363196  218.438470
80.420082  -1.007674  304.003748
78.921322  -1.004497  324.583978
80.091058  -1.344120  292.431708
89.781242  -0.661218  218.702597
89.923632  -1.024672  279.498146
89.028383  -0.341939  207.429388
89.031248  -1.012817  274.725113
87.413133  -1.076515  285.091934
92.315427  -1.218685  473.194274
86.028039  -0.308468  233.261586
86.850224  -0.771070  245.380821
86.566160  -1.065400  271.993188
87.816633  -1.063693  281.951271
98.150115  -0.885671  253.431186
99.282327  -0.599512  216.082854
97.148605  -0.865806  265.416510
98.268342  -0.172482  210.524221
97.626783  -0.561768  234.406923
98.028556  -0.295191  213.622328
96.044345  -1.008184  314.416238
97.966030  -0.560368  233.523790
95.032661  -0.312191  249.014340
94.781701  -0.942860  359.070214
95.077315  -1.423994  340.883281
96.835242  -1.215565  309.592305
93.811118  -0.579402  259.631495
94.215321  -1.113256  356.568815
91.573954  -0.378117  230.039992
92.567604  -0.913117  416.733853
90.330035  -1.051608  291.591297
90.626951  -1.471283  411.108144
2.981037  -0.336036  202.591504
102.552017  -0.344119  228.489693
3.812201  -0.886446  235.496766
1.989025  -0.259316  200.647634
3.574484  -1.751553  516.793756
10.571627  -1.609193  246.556045
11.201189  -0.805752  207.042741
9.013493  -0.545819  201.093408
9.494110  -0.335429  200.181685
7.022752  -0.397351  201.081455
6.404604  -0.870698  224.739476
5.190567  -0.653158  209.248449
5.529980  -1.138562  253.939905
2.042108  -2.789088  1224.265403
15.021602  -1.076583  294.853958
15.976728  -1.490078  341.842646
3.448146  -1.248717  254.935820
15.070980  -0.318315  224.187185
15.838878  -0.724523  277.581973
14.059934  -1.342985  331.195953
19.344181  -1.048053  284.549697
18.796484  -0.668342  225.460260
16.758221  -1.170257  295.874529
18.035560  -0.354497  218.276649
18.061742  -1.039233  310.624044
18.292117  -1.406189  366.461500
18.410012  -3.336507  1541.009428
10.014121  -0.320664  200.164052
10.807132  -0.808621  205.735835
8.819421  -1.271308  222.267725
12.033743  -1.543808  302.513304
13.580969  -0.935143  234.942281
13.909982  -0.979636  238.684126
11.828375  -1.163756  243.020039
13.441432  -0.641643  211.806399
50.707480  -0.971513  420.762259
53.509492  -2.283045  543.593886
50.292501  -0.564321  400.158078
50.131042  -1.161481  654.785319
55.615219  -1.868497  599.673961
58.240131  -1.400250  508.319131
55.707186  -0.659831  364.916864
56.274918  -1.432287  435.236604
54.781548  -1.331680  410.637792
56.418222  -1.988442  575.045935
55.231985  -2.030890  590.042369
53.141044  -1.895100  470.296474
53.216567  -0.692340  345.793723
53.794389  -1.460835  418.733920
51.928240  -1.580255  472.780809
52.640784  -2.014693  459.915306
20.786127  -0.645580  206.290619
20.445434  -1.349523  341.589620
25.679521  -0.687691  244.132953
26.087254  -1.225037  307.468887
24.130871  -0.551164  235.488192
24.682536  -0.999801  280.431228
23.329540  -1.793019  501.571332
24.267620  -1.095782  282.259547
30.637674  -1.695062  568.588755
32.878905  -1.148599  309.534398
30.677206  -0.589888  222.552179
31.092663  -1.243843  341.155782
30.014593  -1.732609  672.440510
30.755829  -1.121077  338.328380
27.182455  -0.628021  247.959090
26.753343  -1.197727  317.130267
36.066332  -1.979295  501.386708
39.379422  -1.668152  551.414383
36.188938  -0.667160  309.928217
36.661644  -1.440093  396.341450
35.323349  -1.394234  331.984739
35.541002  -1.956520  483.785980
33.450834  -0.673577  296.634734
33.732442  -0.881161  295.752271
42.029488  -1.440475  401.192066
47.676364  -1.538245  439.376743
42.185331  -0.610454  271.638567
42.673066  -1.318624  348.912751
41.362762  -1.816711  724.475842
42.275424  -1.183855  354.650554
38.839900  -0.645787  233.295310
38.639146  -1.301091  385.845253
36.436305  -2.269148  546.096984
42.627874  -1.789607  539.330303
45.124839  -1.368921  421.303359
47.602295  -2.113033  691.754108
44.734895  -0.537151  291.984824
44.452693  -1.117216  330.246104
42.156456  -1.820514  546.362885
45.548869  -1.495035  437.503349
46.438000  -2.050390  683.790506
51.157741  -1.459624  522.814595
48.076044  -2.324804  701.279327
49.051595  -1.602778  603.730461
47.651468  -0.712317  299.463009
48.177920  -1.486513  438.805601
46.621639  -1.411483  373.530396
45.765704  -2.115198  677.030777
58.516220  -2.219737  717.576994
63.947402  -1.438495  452.599874
58.188916  -0.650282  321.881489
58.714990  -1.399950  531.359780
58.887523  -1.950038  728.879884
57.717390  -2.001727  593.284649
61.325901  -1.607079  518.169972
62.833953  -1.970794  521.000219
60.763961  -0.609911  250.911114
60.480512  -1.306635  547.116418
58.098434  -1.840952  615.957056
61.805462  -1.683456  513.526458
63.708145  -0.656990  419.584894
64.419920  -1.141439  458.235849
62.855210  -1.410310  385.018613
62.185942  -2.181607  539.770835
65.239668  -0.666721  407.246490
65.655156  -1.258515  465.777713
66.705528  -0.600423  328.610696
66.332428  -1.140762  416.965704
70.156109  -0.560385  267.142840
70.703359  -0.994665  372.595109
71.678234  -0.685680  300.796036
72.071470  -1.216040  408.063208
69.461773  -1.742963  610.538234
70.305287  -1.092469  364.036623
73.166838  -0.631435  388.091255
72.725360  -1.191796  407.032854
78.198255  -0.714282  326.245147
78.616065  -1.276388  432.344027
76.665353  -0.581799  332.856712
77.225898  -1.040839  389.467490
75.990072  -1.862317  630.560276
76.827585  -1.144313  397.066584
84.727277  -0.651264  293.388993
85.174505  -1.144324  343.563210
83.189727  -0.551239  308.292247
83.773323  -0.967367  382.395495
82.612324  -1.754749  614.847489
83.381685  -1.070225  384.270247
79.699375  -0.654329  224.832775
79.284146  -1.251572  303.874551
89.396207  -2.226455  404.088539
92.347688  -1.752183  423.822035
89.187292  -0.662929  218.805166
89.676994  -1.403484  285.377190
87.973136  -1.502004  346.452039
89.054605  -1.819977  383.292270
83.791935  -1.805969  587.961757
88.617422  -1.892488  393.910437
86.195166  -0.541887  231.580834
85.830573  -1.073420  289.249780
98.761447  -0.109781  208.318854
98.967482  -0.484683  218.498491
99.698691  -1.230401  230.359855
101.940216  -0.647168  249.820222
100.135638  -1.052561  232.729603
100.737772  -0.121095  224.994127
96.461456  -1.004013  316.969449
103.693099  -3.396481  1068.413391
95.198260  -1.801708  388.330714
98.834961  -1.167053  242.124044
95.215088  -0.602658  391.615297
95.769903  -1.314054  333.243468
94.417412  -1.800190  355.989668
95.326505  -1.170243  334.634183
91.792946  -0.647622  280.008902
91.458291  -1.361575  414.279456
89.801217  -1.971396  384.012927
93.450616  -1.791837  352.714667
3.123179  -0.604678  209.571928
102.782582  -0.141760  229.327553
3.025995  -1.027165  247.346044
8.718585  -0.614002  201.306774
9.178492  -1.251169  220.066998
5.791173  -0.895109  241.142762
6.316221  -1.882596  377.527047
5.605133  -1.592715  387.595549
6.756103  -1.081352  222.262062
18.203100  -0.679447  230.076770
19.634221  -1.459137  399.934691
18.713674  -1.402636  364.148911
16.955781  -1.637671  363.645002
17.706906  -1.937544  492.935525
10.510756  -1.096672  205.524887
15.611020  -1.322375  347.802906
10.169563  -0.562281  200.500684
9.802892  -1.095453  206.232732
11.880703  -2.007671  698.535761
18.132876  -1.822948  505.364849
13.010074  -1.012023  235.518081
13.099452  -2.011136  644.294401
12.650352  -1.928103  633.365627
13.310245  -1.234204  240.917310
26.165019  -1.714350  389.944409
27.119752  -1.020276  319.526553
22.371554  -1.776559  525.719989
29.833481  -4.492801  1750.965553
24.031721  -0.801804  260.300876
23.730170  -1.268639  299.888394
28.234312  -2.139164  585.007156
34.338657  -2.327554  633.155937
30.580851  -0.838947  307.004122
30.304282  -1.257319  419.248924
32.470683  -1.118758  306.439206
32.067566  -1.387370  311.178126
40.390795  -1.775897  735.817730
42.604379  -2.997099  1059.656508
42.080403  -0.872317  325.859155
41.748405  -1.311258  413.251699
38.892119  -0.981457  334.141596
38.908637  -1.796639  552.882661
44.738126  -0.818314  329.374838
44.697255  -1.532159  407.937112
50.338188  -0.850682  466.530336
50.444674  -1.573354  727.508788
60.796159  -0.942573  399.701995
60.837860  -1.820964  587.741912
65.834166  -1.678804  549.467845
66.669326  -0.958671  402.649570
72.135850  -1.689397  460.130315
73.091677  -1.019682  407.459903
67.706170  -1.944450  574.234209
73.515857  -1.878153  579.407139
70.070707  -0.809737  320.752133
69.809873  -1.264371  387.303015
78.703132  -1.789090  560.555479
79.648140  -1.066159  290.012125
74.134215  -2.155527  613.421697
76.276876  -2.803495  1146.846860
76.584668  -0.844477  360.894247
76.331414  -1.332290  465.727573
85.300203  -1.604286  370.867755
86.164991  -0.885557  275.567608
80.814375  -2.233385  585.968554
89.007883  -2.778291  702.642104
83.123036  -0.797945  361.272351
82.903198  -1.257041  433.911938
98.529789  -0.282263  210.437116
98.522600  -0.876824  258.772331
97.486541  -0.844688  259.434673
100.827446  -0.599256  226.513368
101.002085  -0.977838  268.794015
103.476926  -0.839378  256.542145
101.576137  -0.638100  250.269890
102.021427  -0.342557  225.527024
99.489131  -1.843593  295.785240
103.590760  -1.844343  402.635312
100.521658  -0.532351  223.610758
100.976462  -0.314386  226.475994
95.714088  -1.781130  394.180032
97.835078  -1.118819  260.399240
92.880031  -2.103007  396.172771
100.900587  -3.961656  1039.794921
95.117322  -0.861512  358.471459
94.785710  -1.295861  343.311347
91.821481  -1.003477  550.813268
91.753161  -1.913358  459.316753
2.319778  -0.581085  203.130297
103.081547  -0.305772  231.495674
5.325667  -2.811075  1313.440885
9.360882  -1.630550  239.434813
10.124899  -0.904202  204.932442
7.243999  -1.753696  364.011122
8.183094  -0.984574  217.182571
4.157582  -1.809914  504.090473
10.397897  -3.102490  1486.443971
6.090100  -1.079165  233.907459
5.966943  -1.588850  382.861183
1.038721  -0.280188  200.407233
2.591924  -1.185868  245.076398
20.807292  -0.997846  281.387605
1.912932  -0.990713  223.884123
20.716312  -1.891330  566.529059
15.259821  -0.806226  286.476091
15.242821  -1.456851  351.178658
25.405309  -1.396854  292.800976
24.618284  -1.901370  439.434811
26.590251  -1.746317  400.680326
26.994217  -2.170381  544.163986
23.377178  -1.393022  298.601668
23.767522  -2.086188  510.394140
30.034977  -1.381227  466.870993
30.378728  -1.941762  631.574907
31.033428  -1.664588  603.890109
31.313458  -2.073388  648.924925
41.397364  -1.420696  430.961317
41.840771  -2.087312  688.836762
36.810165  -1.889702  499.906138
48.097476  -3.510732  1382.353380
43.132365  -2.303887  600.437422
49.506325  -1.624871  612.563370
48.374176  -1.913846  662.900061
55.222683  -2.645873  762.658585
59.437999  -1.973236  663.844413
65.568986  -2.117784  634.129167
64.565295  -2.411051  623.321319
65.013098  -1.994262  615.324349
66.276661  -1.628465  563.777562
66.656148  -1.956143  617.083755
71.400376  -1.375530  419.454680
75.157169  -1.614963  544.715936
72.550551  -1.723112  462.064616
72.924515  -2.138507  570.721918
69.517726  -1.386149  407.523576
69.829187  -2.010177  571.120484
77.942268  -1.452413  533.461012
77.184920  -1.971410  717.998684
79.131761  -1.825602  576.450349
79.556881  -2.278219  583.203383
76.037488  -1.469360  472.073920
76.371922  -2.150889  679.367948
84.513570  -1.325027  401.076407
90.726029  -2.652100  644.650925
85.723229  -1.597365  364.130602
86.209168  -1.918004  400.103749
82.625113  -1.397942  453.734904
83.008040  -1.990564  601.094273
98.673082  -0.538593  221.552557
99.300289  -0.943651  231.258909
96.064505  -2.299670  574.963949
98.891735  -1.748525  301.126224
102.536124  -1.030563  278.709671
103.798965  -0.664012  250.722770
101.753261  -1.290459  297.103465
103.498158  -1.187701  338.170378
100.193512  -0.635866  220.249136
100.638423  -1.327627  244.288777
94.435215  -1.407865  344.164431
94.888853  -2.065899  376.795638
90.344770  -2.012259  388.080503
101.133884  -5.334720  2585.291111
103.298965  -0.164012  233.407793
1.264650  -0.754725  203.233559
1.736117  -1.270635  249.222917
9.071770  -1.939661  323.987041
13.837130  -1.700404  431.858127
9.733924  -1.561247  236.848799
11.342149  -2.143009  669.144082
6.331789  -2.454500  1009.972419
8.693509  -1.717726  388.267448
0.781698  -0.133132  200.378186
1.029985  -0.569142  202.334435
19.365214  -1.974658  617.831812
0.161215  -0.728251  206.759950
18.177773  -2.659364  772.241298
14.438946  -1.395043  327.209137
19.705806  -2.595529  1004.644620
22.885824  -2.077867  529.768342
23.675623  -2.734036  911.558038
29.587306  -1.980466  739.890458
37.958550  -1.722685  429.024777
41.784202  -2.749618  1037.539345
43.738283  -2.055784  568.327228
68.994544  -1.929421  588.560729
69.712369  -2.592354  1130.342908
75.510050  -2.091370  649.400295
72.743166  -2.913287  1334.807782
82.173621  -2.021055  581.886408
84.034418  -2.365774  713.351855
102.110285  -0.993141  277.524592
101.403223  -0.997579  278.966638
103.092841  -0.647805  253.042067
103.632298  -0.330678  234.129366
100.752351  -1.989415  378.992216
102.752644  -1.382070  336.879732
94.881084  -2.719466  701.594481
103.089678  -3.855237  1206.766252
1.527999  -0.604732  203.253644
2.293437  -0.888075  225.321847
0.166667  -0.166667  200.313415
0.680731  -0.963837  218.876995
103.577863  -2.163433  553.117408
102.996220  -1.980949  443.077172
102.729979  -0.686152  253.081956
103.150781  -1.408233  339.922478
0.890953  -1.193108  226.080931
1.196271  -1.686060  319.685905
103.243382  -1.731542  406.142856
0.327882  -0.394917  200.712930
103.820197  -1.512334  364.312961
0.609580  -0.361382  200.721077
1.212397  -1.065191  226.714129
0.356134  -1.008217  220.254977
0.767511  -0.650337  202.246617
0.194918  -1.446633  323.830578
0.508069  -1.817264  338.458107
102.647718  -1.801778  441.470041
103.807301  -2.498090  625.206880
1.399482  -1.300811  247.724060
1.792808  -0.702328  203.840748
0.879506  -1.608119  320.229261
1.476224  -1.941333  374.104365
0.464561  -3.450899  2279.735074
2.346446  -1.682585  380.313878
0.777712  -2.821530  1276.404178
5.530703  -4.059468  1729.112407
101.785313  -1.723511  461.143043
102.239475  -2.492990  705.154450
103.150899  -2.258508  549.572844
103.500400  -2.894571  707.643457
103.073435  -2.656312  709.466930
56.008979  -2.250818  587.114200
60.655054  -2.480315  943.764018
30.389056  -2.536486  1023.910401
39.679368  -2.840279  888.434949
12.487462  -1.498542  308.433211
14.557602  -1.873437  470.146854
11.053252  -1.698583  277.898274
13.416455  -1.636116  436.137949
12.263491  -2.276587  574.406806
12.290878  -2.768497  1139.823161
9.197313  -2.545611  719.882745
16.593619  -2.202554  504.155463
7.560137  -1.377198  282.992188
7.987779  -1.409691  280.851133
31.262943  -3.359272  1549.388257
33.693273  -2.805768  695.263472
44.378318  -2.164833  573.625071
51.300239  -2.547174  1476.898450
59.840981  -2.593680  840.971343
68.657015  -1.487021  500.436064
97.759567  -1.588177  389.013992
95.540909  -2.973815  639.091107
83.643597  -3.693581  1259.093487
92.134994  -3.221929  722.275844
15.005027  -1.904537  477.772983
21.538534  -4.857038  1880.576569
102.279270  -1.985575  459.267592
102.471943  -3.515490  1130.889837
54.813150  -1.777528  558.718636
53.935716  -2.024214  558.221631
56.045665  -3.314124  854.440535
58.588416  -3.384432  1104.244192
36.767816  -2.830678  901.966956
37.221741  -2.014729  501.469122
13.895758  -2.594487  1032.948793
13.576019  -4.020685  2424.149218
13.262610  -2.583423  1016.855230
14.153276  -2.086488  499.583942
7.414761  -2.377626  1135.859720
8.267648  -1.814566  479.603421
6.977209  -2.779399  1058.765874
8.010768  -2.406003  1185.512927
48.442917  -2.813694  847.903518
48.798228  -1.982551  722.769579
88.385022  -1.509775  342.755640
87.179885  -1.597497  370.020380
17.432883  -1.590542  369.987303
16.039016  -2.095362  526.291609
100.040006  -2.327540  330.904586
98.339662  -2.020350  435.917406
49.754893  -2.062601  1011.362530
55.748734  -2.766766  762.990567
57.296038  -1.749729  575.925297
57.701644  -2.609901  775.706934
52.360417  -1.623627  478.878965
51.489776  -1.836709  508.620821
24.834701  -2.504085  696.638027
35.086124  -2.552143  622.262587
64.746575  -3.266889  827.538090
71.490750  -2.414910  857.221100
70.832185  -2.412891  863.757803
68.284749  -6.583800  2035.499543
77.398583  -2.592997  1266.095038
82.979470  -2.530973  848.943813
84.708330  -2.354180  703.416084
88.433151  -2.548640  625.125914
10.116802  -1.882517  241.227602
8.562174  -2.915113  1145.684790
24.259719  -3.048324  895.820363
25.758767  -1.901424  363.851791
27.848847  -8.683732  2667.271375
25.518086  -2.495123  738.164863
40.910800  -2.091977  766.216208
38.182613  -2.207111  682.741136
70.262809  -2.897229  1066.797982
71.736136  -1.864345  462.590805
76.842091  -3.139259  1531.086882
78.303470  -1.981317  678.732226
83.542374  -2.822826  929.936506
84.913475  -1.793006  415.135514
93.995955  -2.089548  350.037854
89.339451  -3.525830  896.809475
54.378758  -2.176091  597.710867
54.687690  -2.772193  710.475300
33.069847  -2.292923  758.394630
40.456376  -3.303258  1003.795947
37.342506  -2.664320  780.850170
38.709058  -2.232034  713.179628
9.869304  -2.557771  687.189707
21.012357  -3.158630  1451.037368
10.202183  -4.222720  4602.076270
12.840897  -2.992301  1240.438209
45.022737  -2.621759  749.149752
52.112892  -4.172224  1731.619071
48.954750  -2.585764  790.915561
50.295017  -2.009739  1218.300500
87.556695  -1.875827  383.241997
87.784309  -2.539750  590.662475
15.139521  -3.141990  1196.200516
17.618553  -2.497088  731.636110
56.862157  -2.139587  586.693437
57.164208  -2.730359  772.616843
50.632848  -2.652424  1716.460655
52.610270  -2.639785  827.917793
26.833651  -3.002112  1141.530690
28.409929  -3.038316  1383.198508
66.539071  -2.567873  828.866074
78.070174  -2.592786  1309.322671
81.138805  -6.235996  1882.186863
81.073782  -3.229006  886.148361
79.392591  -3.142960  1280.535331
86.153358  -2.829894  825.066462
53.251472  -2.809204  826.139412
58.252193  -2.730970  819.295399
5.242845  -1.773665  373.958745
5.906635  -2.868817  1162.343170
72.160894  -4.993241  2027.202792
92.809006  -5.023288  919.739969
12.802957  -3.771802  2470.716728
23.800282  -6.355089  2797.428763
56.866863  -3.299780  873.492693
61.255871  -3.152889  1175.412240
51.930174  -3.039784  1035.804832
53.569160  -3.394708  1073.247240
1.429101  -2.534324  1187.932370
6.135186  -3.646557  1641.059222
39.024728  -2.912365  957.131828
41.131497  -2.810520  915.232412
91.527483  -2.566201  747.797140
94.266253  -2.795500  734.010683
20.466949  -2.525394  1037.743880
23.069950  -2.777308  949.313135
0.423391  -4.962159  2323.543810
3.181622  -2.272651  895.642275
101.328164  -2.183997  448.356183
102.648400  -2.818475  727.539684
32.122726  -3.298924  1643.304548
35.388507  -3.522150  1288.070237
64.124849  -3.681614  858.396740
65.894404  -2.679175  789.274641
93.855990  -4.494532  933.733211
92.893014  -2.919910  803.863850
16.982368  -2.714968  753.865937
21.758141  -2.870491  1320.819925
57.228549  -4.109877  1189.436965
63.385237  -2.387417  579.165849
27.603818  -3.618465  1282.630543
29.808020  -2.604523  1083.720405
67.782419  -2.657340  882.856622
69.103258  -2.555396  1095.526808
73.425523  -3.507731  1568.811013
75.645771  -2.787424  1165.104408
80.247301  -3.842512  1104.755227
82.374109  -2.587307  845.567553
22.559602  -4.315962  1746.235247
24.467772  -4.009429  1921.222863
46.329145  -4.133103  1659.728451
46.978419  -2.460293  801.441734
37.849705  -2.783872  759.457830
38.418218  -3.323945  1105.168902
6.829508  -3.563082  1667.692534
12.037809  -3.921615  2531.676154
49.456686  -2.643721  839.447663
50.035545  -3.125471  1026.611694
68.591680  -4.002539  2000.737287
70.448808  -3.771282  2309.257471
75.080616  -3.356735  1575.475866
77.027383  -4.118641  1532.725797
80.001036  -5.198295  1565.478628
85.273980  -3.107127  968.658439
4.079432  -2.857809  1570.638553
4.351211  -3.520594  2018.620970
2.564532  -2.213967  876.119067
4.402335  -2.335895  897.525136
101.631351  -2.677906  727.199765
103.396579  -4.792089  2226.936685
31.910054  -1.943851  628.277507
29.139786  -7.305805  2767.446748
37.046220  -4.725190  1593.750858
38.249256  -4.443058  1413.475395
48.710509  -4.505972  1595.354791
54.865441  -4.275726  1186.930396
8.452188  -5.787597  2939.214930
7.394795  -4.119203  2409.933608
4.960526  -3.525793  1877.173456
3.441817  -2.852926  1648.967264
5.039254  -2.283962  863.168561
4.933823  -1.312774  292.460542
101.743756  -3.399000  1144.921547
98.877099  -3.568087  807.548897
2.332612  -3.559516  2355.947451
3.729331  -4.040206  2159.009619
3.115230  -3.564670  2350.748148
4.588645  -5.276449  2407.026350
0.713552  -6.876319  2383.983283
2.078837  -5.321701  2353.685883
97.063400  -3.918711  985.808742
98.199965  -2.746380  845.610469
45.120876  -3.680179  1663.917606
0.313151  -2.370631  1175.256929
47.106728  -3.369102  1345.059632
67.090047  -3.030475  881.031648
68.555405  -2.996730  966.144224
97.097666  -1.663805  412.917440
97.322060  -2.927065  766.248853
11.193878  -2.819844  1112.640228
11.759819  -3.176416  1139.087187
8.394545  -3.750608  3075.577436
14.247107  -3.252248  1366.913855
9.197660  -4.580532  4245.365764
17.228723  -6.223824  1800.929894
25.521644  -4.170407  2000.999061
36.387072  -3.599487  1293.477670
60.050310  -4.240576  1238.753497
74.225230  -3.010326  1557.533754
76.372688  -6.464611  1178.905490
67.192603  -5.628678  1956.860611
77.716444  -6.897720  1209.894480
96.825132  -9.645164  3462.876463
71.462565  -3.947652  2324.926641
91.928891  -4.145467  849.829368
30.928033  -2.698586  1078.091122
32.384411  -2.508701  749.421476
96.017600  -3.942453  886.918722
99.870742  -3.340702  781.172889
11.634694  -5.888629  2332.663288
16.797827  -3.650768  1567.177258
22.517645  -3.266080  1135.741319
32.673061  -13.692896  2656.836331
64.777150  -5.700195  1648.420806
85.039966  -5.204366  1761.741258
89.957614  -12.587517  3901.650665
90.811586  -7.961012  3063.456353
33.597445  -3.905573  2165.712283
32.712334  -4.182951  2318.902963
93.733896  -3.314692  765.362676
100.263603  -7.751831  3418.469520
98.113668  -4.456465  1520.356280
103.198208  -6.986389  2992.937337
15.435514  -2.375345  587.183974
15.815466  -3.955125  1560.176398
54.393211  -3.373980  1001.911130
59.482003  -3.396402  980.437909
49.876317  -4.210209  1752.417598
55.689744  -4.232111  1143.664825
29.322327  -3.273261  1580.463233
15.274036  -5.057272  2147.809179
90.335952  -3.522848  844.227515
90.931304  -4.360487  967.945007
87.484787  -4.573539  1563.940331
89.430025  -5.610079  1723.711298
19.260513  -3.394282  1564.509886
30.902003  -4.465159  1840.122521
17.666251  -4.110030  2102.194329
19.760093  -4.260812  1654.711304
56.454492  -4.809548  1163.162619
64.257151  -7.020668  3018.993470
1.136944  -5.838478  2348.132927
0.887953  -4.079724  2291.003627
42.835302  -4.074887  1770.699535
53.981868  -5.022327  1363.641457
25.996976  -3.200340  1214.546125
19.879461  -6.442598  1967.614862
58.564768  -5.087844  1324.330189
61.010106  -4.110429  1585.047734
71.935132  -3.075618  1318.623986
66.041389  -4.085895  1405.832611
78.542869  -3.330469  1491.165913
71.150036  -8.930480  2087.001764
87.886241  -7.866661  3097.880426
87.087540  -3.243449  800.509376
15.875762  -6.174319  1834.891386
40.533372  -4.460004  1661.915058
17.771391  -7.387428  1949.010518
19.395540  -8.835191  2237.733773
13.111444  -6.075998  2007.389752
20.750793  -4.095295  1643.881676
53.110676  -4.357728  1667.110497
58.098436  -4.205601  1251.258662
46.657988  -5.368942  1821.470676
59.101806  -7.058002  2273.778011
88.772215  -4.708940  1794.741520
90.592613  -5.264607  1747.761098
23.609386  -4.805333  1881.757614
10.490758  -9.979325  2251.794389
54.111513  -6.373305  2523.605860
65.519797  -3.411491  871.437950
60.171373  -6.248594  2140.651348
66.017884  -5.343201  1811.697682
63.373485  -3.140426  872.433529
63.804060  -4.652111  1403.455894
92.002261  -9.761747  3516.189691
95.162647  -4.937382  966.022370
62.681567  -3.479347  932.321799
62.784993  -4.499231  1498.576449
62.045308  -2.937150  979.595801
61.902968  -4.914574  1982.035056
59.623056  -5.110849  1289.413062
66.966972  -3.816181  1495.531279
5.437002  -4.864395  2459.100558
11.276155  -4.685273  4412.317762
1.829845  -4.229614  2290.995570
39.314376  -5.264163  1565.147141
51.044033  -4.955646  2417.267852
44.101462  -4.549144  1747.582122
55.748556  -7.036554  2602.203973
92.397259  -6.140919  1836.301565
92.981573  -7.482639  3021.637381
78.056570  -4.310062  1432.961575
91.178453  -6.167218  1874.477007
7.232204  -5.410514  2924.287609
10.693914  -7.133880  2125.098719
5.627679  -6.754659  2514.969395
6.824476  -8.815224  2320.550376
0.880704  -9.959985  2436.682920
6.284972  -5.765887  2751.882909
32.334258  -6.723508  2524.614260
48.048604  -5.600181  1769.197041
13.927002  -5.012574  1981.222282
11.364071  -8.553500  1914.267114
28.809065  -5.612751  2483.867445
34.545212  -4.397366  1711.814022
71.343223  -6.218310  1586.151658
75.256845  -4.417090  1826.524090
86.157940  -9.606342  3273.934886
99.920132  -12.889350  4024.003370
6.956852  -13.287042  2579.192663
18.002168  -9.606696  2204.469405
17.978884  -5.166036  1723.714063
21.205069  -6.206110  2065.648178
56.801126  -6.014780  2119.985459
61.491490  -6.182467  2173.519786
62.404039  -7.225572  2689.287862
88.513799  -11.948578  3816.818653
19.178788  -7.513195  1959.272605
44.373671  -6.122293  2296.428885
31.926091  -5.115972  2411.725100
62.075189  -8.819505  3526.534523
81.958309  -3.366897  857.031051
98.457408  -18.191561  4342.769039
84.701292  -3.989477  1144.638450
89.437907  -6.619606  2844.680119
3.767742  -4.826826  2357.305071
4.525043  -6.328244  2477.699521
58.041515  -6.197352  2261.880419
74.291754  -5.278602  1825.458453
83.772278  -10.407789  2915.167240
101.378036  -8.445825  3415.951179
2.941037  -5.602216  2364.120370
3.475800  -6.605051  2456.789632
48.415527  -6.799883  2756.909085
89.836668  -8.538455  3055.633286
1.572312  -11.645643  2466.461950
1.594257  -8.169638  2401.658367
98.417782  -5.715336  2727.707107
102.594788  -5.778478  2565.828005
100.012688  -6.308878  2684.435362
90.785145  -10.404446  3466.537649
82.664893  -4.181319  1099.471644
33.795551  -10.678836  2506.217482
38.254951  -7.807606  2171.843112
33.966305  -7.092938  2479.949427
20.561869  -9.570900  2323.123543
12.867655  -8.591159  1866.514190
22.417033  -7.214790  2448.013087
47.517743  -7.787296  2569.835617
41.944010  -6.372726  2359.687829
5.590153  -11.301068  2423.393702
3.070913  -7.989030  2398.782883
11.695574  -15.434820  2805.457811
25.076310  -12.657602  2621.158311
19.025006  -11.727195  2480.922978
13.674247  -7.358907  2126.577350
35.887136  -10.180616  2338.019291
46.936782  -9.956054  2981.847665
31.050700  -8.039174  2635.558724
25.383325  -6.715852  2847.423058
36.589272  -9.344878  2245.574983
26.246301  -5.327073  2780.815851
97.277589  -6.856933  3238.196687
103.389815  -9.626907  3532.729357
99.195374  -8.733893  3361.694806
95.157952  -9.411641  3582.821564
88.482058  -10.390962  3409.587379
97.493296  -11.165338  3946.553558
41.510088  -8.858006  2350.301813
41.756547  -5.037678  1878.628758
95.636081  -6.437435  3076.502084
99.158401  -11.335664  3922.665597
97.804265  -8.432536  3173.526723
99.881345  -10.116848  3630.258496
88.932821  -7.558296  3210.253691
94.495576  -7.779515  3001.493415
43.173728  -8.448201  2395.047425
27.491800  -4.973360  2578.122504
92.701205  -13.257875  4181.152141
102.354825  -14.231709  4037.589282
36.389799  -5.921550  2262.087563
36.108338  -11.633082  2481.063241
16.560983  -11.795151  2589.251554
22.092374  -14.532431  2875.042969
45.702863  -9.136900  2827.110583
43.294974  -6.983083  2232.289266
5.709486  -8.058464  2361.022923
37.973006  -9.295922  2240.265055
83.883427  -6.285573  1543.368741
31.905265  -12.476119  2585.567988
9.009051  -7.046617  2187.906160
19.222225  -5.259042  1739.251866
8.246764  -8.415068  2296.712442
15.091532  -7.412530  2039.342930
11.363664  -11.311318  2421.560065
40.824702  -7.532749  2210.407373
78.660026  -5.478336  1398.554754
69.599651  -4.462932  2047.124656
34.887356  -5.671063  2393.085655
39.418243  -7.001860  2270.506203
59.111335  -8.511406  3381.270669
66.763257  -11.078267  2547.119729
51.069095  -6.693564  3939.060883
59.117320  -11.963987  4971.535915
56.525351  -11.998634  4677.861521
52.674184  -7.488626  4198.510610
6.720126  -10.438060  2388.109470
96.580926  -12.419215  3993.604138
92.894800  -10.735356  3796.307797
36.050273  -8.197365  2251.089886
36.846084  -7.162698  2166.661528
37.962425  -13.319838  2630.384022
44.310860  -9.538954  2690.165987
17.092147  -8.650098  2065.157768
34.672936  -8.378091  2274.459772
73.315819  -4.715651  2082.243178
6.328673  -15.750278  2706.486649
34.338880  -13.587893  2656.305572
17.079942  -13.350513  2822.246316
63.539517  -9.717142  3052.317337
45.721928  -6.489167  2096.792679
85.609493  -8.138789  2165.969865
87.496738  -9.496246  3308.876484
4.201963  -9.016028  2378.940742
8.075301  -11.050251  2368.133559
4.186980  -10.635796  2435.599343
1.811216  -14.715665  2569.870623
9.337173  -13.297000  2605.560308
91.967442  -8.521394  3047.774522
84.204223  -7.766702  2005.276254
60.636661  -9.497260  3922.185453
60.536831  -11.331078  4550.162912
56.050737  -8.719206  3850.310376
9.058314  -9.928154  2273.637425
97.204995  -13.898735  4126.124009
90.606911  -6.948555  2705.701335
69.795737  -5.864371  1625.499669
62.043491  -12.339934  3942.824421
52.965185  -9.321091  5278.965915
14.981490  -9.861516  2359.456654
17.848803  -10.871301  2472.154332
15.765250  -8.724705  2051.118154
67.695620  -4.448856  1717.270926
82.566048  -5.558421  1614.594360
57.635617  -9.441297  4028.127854
79.644230  -8.288417  2315.656878
15.323592  -11.344452  2567.157937
95.026142  -12.226983  3989.712753
11.117952  -17.567953  2870.644902
89.775408  -9.741536  3401.161646
86.754205  -7.122301  2689.958189
100.730404  -16.300271  4251.084622
20.344700  -11.198299  2495.570434
7.265738  -14.655162  2685.797265
13.501180  -9.781593  2315.612259
86.505474  -5.669007  1984.382285
13.610780  -13.533687  2692.807243
18.647970  -13.223231  2842.568064
13.958988  -12.139028  2538.241382
8.176831  -12.365037  2576.520255
10.610054  -16.223604  2800.514120
26.001615  -8.339315  2633.113628
31.248971  -9.831998  2606.614477
27.279644  -13.219848  2673.085573
32.505661  -10.836001  2539.804112
28.325985  -10.597784  2541.946313
30.360766  -12.539638  2591.490208
27.220541  -11.693981  2559.528336
41.651120  -16.426715  3401.422391
29.815194  -11.012680  2540.182792
32.030342  -15.088442  2775.695628
25.757525  -11.357387  2559.791601
29.696929  -13.889744  2701.087853
32.739503  -16.229199  2899.468651
51.430312  -19.550406  3928.864145
21.113033  -13.651875  2861.977123
28.677828  -16.737009  3042.206283
30.598708  -15.221770  2776.940711
34.047083  -16.266273  2898.862218
29.994167  -16.604785  3036.193131
31.719662  -23.804895  3526.406265
36.426159  -15.458872  2815.223198
39.876641  -10.860136  2394.652922
27.837972  -15.637025  2938.810029
30.908505  -17.846963  3164.779629
35.003741  -15.020512  2806.386099
28.603514  -19.284812  3347.176137
25.015736  -9.916773  2503.616382
25.928309  -13.736662  2670.072791
22.171482  -8.875291  2370.816404
22.852578  -11.745075  2560.351111
25.505694  -15.152959  2900.998689
28.252530  -14.172775  2701.136906
20.233050  -20.262375  3132.333988
33.278905  -18.427216  3202.345900
26.442470  -16.100395  2943.861289
26.448427  -17.648456  3255.729802
41.132905  -10.135425  2399.165711
54.704695  -9.888421  5355.455117
47.947736  -8.989794  3137.556367
46.214760  -7.707819  2466.505108
49.348241  -8.998878  3179.517149
49.738532  -7.505157  3426.946549
34.529050  -9.644319  2356.504124
34.860973  -12.213949  2500.934250
49.995455  -10.455896  4108.293015
48.885882  -11.742043  3455.850455
54.351977  -14.266942  4240.164245
54.001838  -12.606350  4591.161415
57.903942  -16.663077  4433.297442
57.741433  -11.060060  5109.209338
55.073493  -11.549086  4518.557097
58.672709  -13.553360  4627.069689
52.353938  -12.361686  4657.334799
57.028477  -13.541332  4585.065897
56.415529  -16.289997  4380.503113
68.178396  -8.217730  2560.230584
42.247097  -11.345432  2587.470130
55.926758  -14.752376  4270.617028
51.686083  -10.737091  4423.640112
52.997547  -15.033019  4167.643400
47.227715  -11.251285  3318.544094
51.673058  -13.808573  4271.734794
52.675923  -16.530452  3952.390163
53.821494  -17.820497  4064.216123
69.638968  -9.237502  2199.298779
85.218495  -10.811766  3147.378958
59.093064  -15.995516  4520.387695
80.280942  -10.483599  2449.306054
81.944331  -8.808065  2124.783336
83.306453  -8.830278  2110.584300
74.077062  -7.951901  1226.652783
85.685778  -12.449571  3818.751829
76.126383  -16.400765  4869.097519
89.221147  -15.241322  4509.546419
80.887299  -7.795390  2116.478404
82.639194  -11.176107  2731.277091
78.208910  -8.047970  2463.105422
81.527338  -10.220728  2478.419880
77.319561  -10.463056  2346.465393
79.454866  -9.563963  2423.486900
71.532157  -13.524298  3383.168120
76.039512  -13.755740  3199.377015
89.715579  -16.971323  4479.879165
98.174362  -16.815420  4284.302587
5.780210  -18.477372  2821.236335
98.879097  -14.198544  4118.670243
32.222208  -17.604705  3154.952520
50.201129  -14.268860  4222.525929
60.130573  -16.961428  4581.558705
37.916561  -22.087783  3637.262573
32.368107  -20.545472  3484.655724
53.859994  -20.562939  4085.879681
19.653932  -14.184305  2882.144124
23.806974  -12.876203  2618.426938
19.498034  -15.564873  3002.752396
24.207223  -15.371285  2912.185092
43.761413  -11.158766  2624.703829
42.151605  -13.872852  2848.201652
48.467376  -16.685794  3765.258205
47.315499  -14.023401  3424.447973
64.938872  -8.554619  2723.002660
69.674390  -10.886537  2150.567067
3.033985  -11.751469  2463.416836
103.309952  -16.927043  4275.145221
94.271331  -10.739583  3831.771843
96.240407  -15.098539  4224.915240
101.316180  -13.047578  4017.905496
102.351170  -10.776109  3608.414502
103.463115  -13.209573  4010.897110
102.424469  -12.025441  3979.480614
99.862249  -18.779812  4337.611101
95.860491  -17.542754  4345.177689
5.725348  -12.835264  2569.684804
8.730159  -14.774869  2688.843828
4.561079  -13.906680  2576.557437
4.855518  -15.453574  2701.748887
6.839912  -17.288610  2807.985200
11.942424  -14.067151  2679.263216
3.272889  -13.488158  2566.976921
1.974762  -16.334112  2720.355591
8.356687  -17.432784  2813.339917
3.067573  -23.862665  3030.673515
20.791327  -16.502154  3048.984376
12.320616  -17.531277  2874.964318
8.775072  -20.017342  2949.789247
0.855154  -17.804104  2769.470254
9.309871  -16.014159  2791.979187
3.730874  -16.653498  2723.033864
11.351769  -29.148697  3162.621487
1.594681  -19.266748  2832.414112
4.144327  -18.138964  2816.556807
39.908253  -14.708637  2850.007863
16.972928  -16.150953  2954.714504
12.927055  -18.264513  2912.974811
13.967235  -16.116777  2843.253788
15.271407  -19.919983  3009.002386
18.853231  -17.835825  3060.478151
48.282212  -21.506220  3896.765057
44.717866  -12.674062  2984.290630
47.064829  -15.746524  3927.252046
43.750407  -14.136210  2867.274711
44.179585  -15.582228  3644.861193
39.480670  -13.375448  2636.186529
41.206793  -15.025839  2878.322497
36.588852  -17.063340  3152.768609
50.527657  -18.499614  3786.620317
27.930054  -20.660068  3337.662045
37.889152  -17.831358  3184.774280
38.565421  -10.540143  2382.424113
41.604748  -12.597370  2620.790378
37.402889  -12.041566  2477.238179
40.232354  -12.417168  2610.697018
38.900112  -15.585229  2843.996201
37.568199  -14.723657  2807.964795
25.316976  -18.566993  3226.743501
47.781449  -19.629936  3754.410033
41.018039  -21.678273  3725.125346
35.955986  -19.367412  3679.225041
18.012087  -19.058165  3041.646498
35.538026  -17.931245  3167.481915
46.284672  -12.662327  3047.389505
48.974821  -13.329700  3611.624610
66.367760  -16.838644  4997.362216
65.243025  -12.165945  2925.870052
51.094660  -16.938978  3897.673630
53.142885  -19.279814  3953.113723
49.944354  -15.901831  3739.605817
48.821183  -18.386855  3773.459807
49.937591  -22.042683  3930.563087
55.132985  -24.579160  4150.420947
37.507169  -19.349994  3700.807425
40.510840  -17.612747  3346.220312
34.418676  -17.572538  3157.608999
42.560215  -21.856562  3729.849849
39.058372  -17.088462  3234.751773
52.141471  -24.141195  4027.820815
63.607649  -11.403753  3279.361526
66.527237  -9.153553  2611.155290
70.960453  -11.262532  2095.646675
74.406981  -9.643657  2408.234808
92.202211  -12.007633  3970.595547
94.148605  -13.472998  4161.383553
90.935610  -11.692812  3913.494946
90.305626  -14.097962  4380.769382
84.634547  -13.638214  3959.156276
47.571395  -24.993521  3923.421036
99.340772  -15.748291  4251.022390
92.119152  -18.690898  4430.852693
93.844125  -16.086054  4342.304257
92.335340  -15.889644  4358.016164
0.691608  -13.685658  2546.741423
0.731381  -22.264342  2975.370110
22.547764  -19.218393  3167.080832
23.070303  -20.707249  3246.100185
30.989658  -20.366760  3466.416706
45.621703  -16.405543  3845.672762
36.343018  -22.564612  3615.012995
45.214350  -18.060346  3757.421609
42.754134  -19.285577  3714.890276
18.364358  -16.412879  2974.792487
20.353592  -17.829149  3068.234752
16.269211  -14.634811  2810.636258
16.524204  -18.872380  3029.033655
21.036575  -19.038257  3153.675943
23.305779  -16.571457  3092.562899
14.604259  -14.713647  2796.980247
15.973918  -17.388114  2932.602838
14.087231  -19.356661  2985.356323
24.776084  -22.134991  3309.835368
18.321595  -21.676269  3150.871170
20.754821  -21.595859  3198.553097
55.435199  -17.695319  4109.900827
60.218502  -19.120060  4485.366672
58.451862  -20.761500  4328.787806
68.631512  -13.469462  3735.365769
62.251710  -20.415270  4499.954486
59.806097  -20.366253  4369.733447
71.254969  -23.080664  4567.678830
58.221422  -18.083876  4362.537998
61.836624  -15.571952  4989.528046
64.224221  -15.038725  5069.269717
68.449839  -11.791479  2419.738151
71.819523  -10.149056  2110.918324
67.224217  -14.455243  4096.684400
70.264907  -14.281743  3676.467796
72.988510  -10.550348  2147.909778
71.989103  -7.640016  1317.064996
62.368666  -17.829818  4684.497000
72.926365  -11.777909  2327.831103
73.735030  -12.677332  2555.814263
75.738746  -10.670867  2348.921913
65.522312  -13.864938  4255.626738
68.748770  -16.563901  5155.312455
62.881472  -14.772175  5087.221151
67.438874  -15.873297  5168.004469
67.028271  -18.110952  4890.329110
75.128940  -12.476982  2564.276885
61.500673  -16.680374  4616.288126
64.855012  -16.594377  4967.572774
69.426948  -18.961307  4862.614429
90.106606  -20.548208  4514.058950
94.738801  -14.865033  4237.017808
91.782617  -14.453499  4347.662780
80.158361  -15.637961  4537.235426
41.054902  -19.094494  3712.826602
14.633177  -17.275101  2921.564048
103.130142  -19.635850  4364.543993
1.426458  -26.470650  3068.063250
14.337651  -22.334503  3093.813489
43.025109  -16.719746  3498.921616
43.584061  -18.096860  3756.490895
28.134262  -23.450079  3379.640161
35.019981  -21.728755  3574.228208
49.359235  -28.139796  3943.491450
43.442560  -20.769061  3753.270786
8.225177  -29.205398  3134.801779
17.040283  -22.248892  3135.359969
25.469416  -20.062253  3288.075547
23.669257  -17.993451  3206.558874
26.570805  -20.897173  3323.675233
27.917516  -18.045936  3259.613055
26.061704  -22.146857  3314.830285
28.977548  -21.992520  3422.119708
24.126694  -23.351824  3294.981559
29.589411  -27.064795  3482.698753
30.362502  -21.765961  3440.402279
30.278165  -19.218063  3355.634729
28.920005  -24.678980  3463.485847
33.386251  -19.708862  3542.773146
38.866742  -28.559901  3686.127857
30.788418  -24.775922  3473.876421
34.943981  -20.290351  3580.325122
15.478874  -21.416845  3113.205926
25.285088  -24.306667  3338.533292
52.779824  -21.674668  4011.796885
56.220823  -18.809547  4238.968203
61.990601  -13.712395  5182.995023
60.945753  -14.512172  4923.695470
59.572293  -14.654682  4860.690791
59.541630  -18.162967  4386.944697
60.951294  -22.685352  4318.471460
61.675438  -19.067964  4503.205739
67.297908  -20.719859  4675.627263
57.390734  -24.073250  4206.816047
55.760423  -22.282635  4176.592529
57.517503  -19.992606  4243.639336
58.275477  -22.066711  4244.354267
55.349653  -20.829043  4117.718506
51.834941  -26.831841  4014.409030
59.478610  -23.098145  4291.377390
73.631956  -19.586274  4803.852347
71.594604  -12.172596  2277.221491
72.974887  -13.993263  3341.725830
38.453298  -20.507206  3697.917636
73.677826  -15.236880  4175.901461
87.665920  -14.746224  4551.454086
13.014999  -19.425129  2979.665090
86.400578  -15.914894  4627.817021
44.186120  -23.980333  3792.732631
40.481972  -22.862412  3698.892746
13.999287  -18.196045  2916.945902
45.988307  -19.407062  3747.920987
103.227240  -23.488070  4445.923799
10.592284  -21.670548  3038.675747
12.726906  -16.304485  2837.155662
11.229693  -24.184349  3096.508208
16.954584  -23.877504  3178.364185
21.245748  -27.385439  3307.656849
32.570882  -21.797275  3514.192697
33.665027  -22.399068  3545.855860
31.363428  -22.538416  3483.761579
34.428117  -24.688390  3585.635548
34.142633  -29.248057  3584.054577
43.720794  -29.105679  3787.469793
33.311706  -23.774856  3535.531777
36.104475  -24.148459  3605.042847
37.411485  -25.021803  3642.511906
40.201152  -20.399689  3701.644109
37.351613  -29.283079  3649.314924
41.334063  -24.882790  3715.465817
38.861815  -24.514577  3663.451269
41.539048  -23.797565  3740.010586
18.708923  -20.275608  3125.706826
19.672037  -22.529257  3173.458982
18.091678  -26.483383  3215.044561
19.842067  -24.201951  3231.969438
12.585365  -23.660009  3107.605232
24.568076  -29.167409  3399.134899
18.405925  -24.977575  3209.856979
9.763613  -26.628808  3120.706470
16.082618  -28.326217  3218.436020
14.655468  -23.671325  3142.894531
13.916776  -25.669466  3162.880774
12.968690  -22.236562  3087.318628
13.603822  -24.352310  3126.712872
12.246616  -20.041303  2970.103925
10.510616  -18.520333  2881.903891
12.957062  -28.216226  3180.146905
15.710991  -24.382280  3163.027308
18.993817  -28.022056  3272.270201
15.334467  -25.786512  3168.430397
10.047947  -23.059695  3062.535334
11.135272  -25.767691  3132.314772
51.266217  -21.055457  3980.415797
14.605292  -29.067528  3198.643054
50.402310  -23.798626  4009.772745
45.366013  -23.427951  3821.924098
60.108927  -29.115096  4214.253084
63.913221  -17.839041  4711.703200
66.327470  -19.322751  4701.420621
66.475786  -22.162672  4523.462580
70.968961  -18.644942  4867.883125
64.725169  -19.295107  4686.608164
68.953345  -20.518907  4688.400321
63.756885  -20.633189  4522.943461
67.352596  -23.783098  4491.279150
71.510635  -21.145268  4687.495972
73.030324  -16.709639  5065.676542
61.537728  -28.451845  4247.280494
78.436527  -27.601691  4490.666121
57.518633  -18.825024  4257.083533
56.219692  -19.977129  4224.619665
61.102397  -21.258671  4425.483589
63.745188  -23.377261  4383.442905
84.990012  -15.321237  4633.536828
81.186904  -14.580313  4362.986604
71.433063  -17.028321  5086.689580
75.585291  -17.765012  4911.029923
87.306583  -12.963924  3803.486632
83.301096  -13.472042  3974.405848
76.543132  -20.337169  4738.636038
74.817288  -20.842547  4744.513488
79.309484  -18.392801  4808.856981
88.820689  -19.728487  4537.250861
82.464033  -12.438621  3502.092356
83.580116  -16.020734  4656.812900
80.996433  -13.011329  3388.545400
82.608750  -14.876177  4344.331237
79.925199  -12.011687  3002.194197
77.728894  -13.718161  3232.528966
88.551592  -18.162766  4548.440100
92.206214  -22.636889  4500.496594
39.128348  -23.164404  3683.554667
35.744246  -28.531137  3615.672566
42.850138  -23.210076  3761.872316
40.010454  -25.297811  3697.509904
41.593584  -27.032999  3710.056002
45.046445  -20.927061  3759.736027
38.777661  -27.175755  3665.204690
42.396318  -25.957011  3762.580643
49.375618  -25.114579  3937.835976
41.985922  -28.382501  3761.377356
43.937285  -25.642041  3781.271398
47.125168  -22.454027  3859.364631
6.078970  -19.999125  2931.265623
12.803899  -26.560507  3144.941962
7.544334  -20.703278  2944.169353
8.605576  -23.340034  3055.532839
6.288861  -24.405802  3065.690937
16.263812  -26.787544  3207.039070
17.727325  -29.258689  3237.191826
55.220485  -28.294260  4109.172164
61.990369  -25.003655  4321.778364
75.348540  -15.199708  4157.955450
78.493327  -15.259219  4518.664416
69.967761  -21.471991  4682.403456
74.159947  -18.036714  4932.146438
70.025251  -25.389314  4496.014119
73.069075  -22.610844  4612.225133
72.038231  -19.875820  4806.237649
73.459113  -24.651229  4537.371726
81.552131  -19.643915  4693.443058
74.368265  -22.273653  4618.940437
77.533015  -22.872674  4600.142901
78.037173  -18.015668  4826.601860
79.992892  -27.348067  4492.772792
85.643947  -23.555847  4548.064014
77.708022  -21.357803  4697.402929
82.595207  -20.583734  4650.376629
76.783145  -18.809194  4852.579602
77.581788  -16.497855  4863.558871
86.791819  -17.601437  4570.764404
91.511845  -20.146785  4500.198260
85.800636  -18.716435  4631.167596
86.254764  -20.358270  4583.783370
90.728724  -23.154408  4506.345880
93.715709  -18.627217  4422.884281
84.345263  -18.666041  4644.247075
84.870566  -22.290300  4578.071713
83.279287  -17.492948  4717.551587
85.082221  -21.095385  4603.551067
81.816994  -17.998402  4746.750753
83.926046  -20.111314  4635.983119
84.601891  -25.806437  4517.636132
89.734410  -22.258807  4522.894769
80.519133  -17.253730  4790.936451
79.996719  -19.846335  4702.908418
79.369965  -21.068132  4690.258058
81.447624  -22.840462  4599.267985
37.304075  -26.437618  3635.690223
35.785788  -27.069821  3608.362492
34.216840  -26.193938  3571.627252
32.605916  -26.901847  3541.668125
46.868143  -26.453817  3858.895860
45.096464  -28.366231  3833.944148
47.886182  -28.118288  3924.160726
45.161759  -26.701760  3840.954493
50.515390  -29.282061  4002.961647
45.682543  -22.097741  3846.880970
46.875670  -29.260552  3857.307124
46.808639  -23.784237  3836.579610
9.049534  -18.594610  2878.064356
10.015037  -20.593730  2961.070630
54.681300  -23.346326  4110.678353
56.853785  -29.201068  4144.626940
53.190360  -23.004463  4090.730860
53.616699  -29.093193  4071.569894
91.352781  -17.264107  4459.686595
52.804300  -25.692605  4084.192432
54.304874  -25.788707  4097.755034
94.517485  -19.769599  4416.989788
94.458123  -17.396837  4352.444425
96.326920  -18.637738  4367.662179
97.497574  -18.936602  4363.119710
96.748100  -16.465477  4290.372903
97.545606  -20.000994  4409.571381
102.440094  -18.437893  4312.672168
92.617140  -21.339865  4477.149426
100.054693  -23.407375  4451.009892
99.833451  -20.303893  4405.776728
103.371271  -21.583725  4420.005575
101.001356  -21.011414  4406.464498
102.501412  -20.594575  4404.186372
97.747413  -21.977609  4446.308873
94.712013  -28.598877  4476.607216
101.098454  -22.363634  4437.977972
87.515044  -20.808992  4567.144152
88.149295  -22.372763  4527.923063
83.474317  -23.838917  4559.350279
96.372177  -21.604834  4450.351541
77.445804  -26.843027  4487.983301
86.992252  -26.797217  4507.386360
40.033710  -26.543175  3694.771706
40.515128  -29.276822  3715.150637
52.132090  -28.375253  4035.085800
50.145420  -26.596384  4001.780910
57.080815  -22.713521  4202.640391
58.879596  -24.300171  4217.264327
58.462712  -28.316163  4183.384809
62.109894  -23.623937  4366.232926
64.209646  -28.187313  4322.151759
63.301604  -26.904981  4300.431516
61.713019  -27.169512  4293.359202
56.522028  -24.875197  4162.531474
90.810816  -24.669262  4496.299987
102.686809  -26.931834  4463.270491
83.623303  -22.634728  4582.415009
80.397901  -25.975290  4524.898055
82.504118  -21.912233  4594.104893
82.192095  -24.123298  4561.855636
87.966398  -25.467859  4506.950127
87.225013  -23.738655  4543.065264
81.894301  -25.534809  4525.229643
83.548618  -28.139238  4495.258212
84.621617  -24.563474  4551.836162
83.156797  -26.493391  4519.282419
86.173146  -29.305977  4493.863902
89.121893  -29.075729  4491.283082
85.583525  -26.758261  4508.443147
97.229165  -24.623502  4469.068156
85.052979  -28.342751  4495.631497
87.545039  -28.381706  4492.901760
59.499725  -25.664525  4254.864352
65.648193  -28.193621  4334.426186
66.149904  -25.236688  4402.346780
63.420876  -25.743652  4343.538143
63.178801  -29.336749  4269.024162
60.967890  -25.943330  4270.894605
66.784015  -29.343057  4366.166812
58.253172  -26.755025  4195.836649
70.700782  -28.203371  4426.603747
68.173288  -27.209901  4400.071378
89.733570  -25.799772  4503.582667
92.378716  -24.980327  4493.812774
90.336278  -27.823153  4487.699303
93.034486  -26.222752  4481.241651
93.122447  -23.692003  4486.217857
94.026222  -21.026359  4469.647066
94.647445  -23.445562  4483.004417
95.533514  -24.658720  4471.256760
93.021577  -29.187644  4478.087464
95.389532  -27.271135  4472.713057
92.069294  -27.935068  4485.698362
95.940437  -29.411233  4472.268158
97.361482  -28.601166  4469.463335
94.664287  -26.147585  4479.715269
102.598511  -22.571796  4437.165850
102.437351  -29.386411  4463.460729
66.698287  -26.715853  4388.864206
75.193850  -26.496013  4480.300264
68.206528  -28.687669  4381.909803
69.672514  -29.344612  4394.463763
69.584208  -26.725602  4413.724768
98.476641  -20.780034  4410.436826
96.466947  -20.418854  4412.880955
95.726327  -19.634202  4412.091274
95.140294  -22.076942  4457.823337
96.955668  -27.273424  4471.692723
97.926073  -26.114656  4465.845717
99.664679  -26.237822  4464.673465
98.921046  -29.189933  4467.962090
98.301590  -23.243083  4452.847837
100.720874  -24.910959  4456.755660
100.253837  -27.985356  4464.951635
103.166125  -25.670423  4457.623403
103.520684  -28.136411  4463.217808
102.393365  -24.783493  4456.274382
101.603475  -28.181834  4464.188436
12.870502  -11.075928  2432.452441
10.783793  -12.907883  2609.253223
21.426766  -12.161906  2552.087322
23.380125  -10.085860  2480.673165
76.287084  -4.853806  1530.408175
74.976176  -6.754223  1186.367935
78.019546  -9.323515  2383.170733
78.399138  -12.231592  2950.572745
102.588024  -8.113296  3399.282114
101.141182  -9.941971  3613.976992
23.360502  -14.173589  2855.821792
21.926566  -16.002141  3073.240006
102.201663  -15.532513  4244.210194
100.968835  -17.955651  4316.419977
3.127743  -19.282221  2835.821074
4.909470  -20.882429  2931.517953
4.959665  -22.332904  3004.448447
6.058614  -22.986116  3018.343300
3.636174  -22.672773  3001.051527
1.484316  -23.563383  3030.357899
7.892270  -24.714567  3067.729457
7.473782  -22.239794  3025.816266
2.792445  -21.502802  2951.536929
1.756855  -29.254942  3091.174609
0.673522  -28.088275  3083.478074
0.752936  -24.882375  3043.629219
3.870335  -25.407209  3066.472729
5.898923  -28.273521  3112.974410
2.960600  -26.696203  3069.050187
3.290998  -28.313828  3095.708463
4.784143  -29.058886  3102.845776
5.402518  -25.618993  3069.188779
3.594125  -20.503933  2926.765151
0.739527  -20.379310  2890.092324
1.470908  -21.393653  2950.022529
26.647234  -26.699686  3421.235424
28.239712  -26.128455  3440.535196
27.748239  -29.222023  3460.091233
30.930618  -29.246594  3520.962177
25.147895  -25.784296  3381.233761
20.249122  -28.241581  3288.338510
21.549395  -24.755703  3250.836862
26.316316  -28.389432  3419.222627
23.646934  -26.617900  3358.197383
29.428857  -28.468617  3484.263931
32.573251  -28.494652  3549.603320
31.123837  -26.249968  3510.940596
26.577667  -23.367311  3366.678215
24.344237  -20.977566  3260.698607
22.080884  -21.860596  3212.578973
22.705428  -23.347747  3285.356205
21.149298  -29.478214  3317.815212
23.398035  -28.311268  3355.486212
22.012016  -26.213858  3341.120814
22.145923  -28.622072  3343.857673
70.167509  -15.958127  5139.804181
68.472311  -17.950460  4899.563045
64.537065  -22.103646  4512.487705
64.481217  -24.889876  4387.258222
12.157354  -21.371756  3044.526248
10.968731  -19.609005  2960.934496
8.280296  -26.074269  3111.262046
6.017376  -26.867680  3099.648506
9.826947  -28.354095  3146.598524
7.173291  -28.420032  3117.024076
7.291744  -27.014191  3102.798429
70.002597  -22.779460  4561.702143
72.084490  -22.142592  4611.209257
69.063853  -23.927530  4501.385376
71.448384  -25.069661  4502.939661
76.496976  -23.558140  4589.418425
80.151714  -22.581450  4605.534612
55.340576  -26.846949  4148.053371
56.764337  -26.192619  4174.374230
79.056365  -24.952570  4532.091788
72.061878  -28.191225  4433.948237
79.031921  -23.589879  4597.402595
82.502118  -29.102464  4488.756408
76.600150  -24.889459  4534.098613
74.410056  -28.529938  4457.638277
78.158082  -28.807057  4474.603351
79.545662  -29.450969  4479.350591
80.797781  -28.553433  4487.320904
75.368700  -25.415951  4531.948444
76.210471  -27.245865  4484.079691
77.660633  -25.566683  4530.138734
74.537183  -24.566059  4539.871233
74.172521  -27.136174  4471.615449
76.612419  -29.356088  4470.833623
75.655532  -28.553560  4460.849619
72.907676  -26.797461  4467.963118
73.200277  -29.332467  4447.486966
75.226483  -23.320810  4588.696593
72.849224  -23.743171  4551.579235
71.739358  -23.909080  4550.104276
72.597292  -25.667574  4507.336995
